426.182119006	C0	59.4876457104	320.394527614
380.735574809	C0	14.0411015134	274.947983417
377.091265478	C0	10.3967921824	271.303674086
370.052309819	C0	3.35783652335	264.264718427
354.390323619	C0	12.3041496766	248.602732227
285.083377547	C0	81.6110957486	179.295786155
453.511374614	C0	86.8169013184	347.723783222
378.800400985	C0	12.1059276894	273.012809593
301.343309178	C0	65.3511641176	195.555717786
369.353468503	C0	2.65899520735	263.565877111
330.288977625	C0	36.4054956706	224.501386233
210.721834002	C1	155.972639294	104.93424261
321.884926099	C0	44.8095471966	216.097334707
303.386601939	C0	63.3078713566	197.599010547
277.783067004	C0	88.9114062916	171.995475612
400.489658672	C0	33.7951853764	294.70206728
261.916553662	C0	104.777919634	156.12896227
327.49426715	C0	39.2002061456	221.706675758
152.724696717	C1	213.969776579	46.9371053253
546.546939736	C0	179.85246644	440.759348344
323.536175501	C0	43.1582977946	217.748584109
325.247638963	C0	41.4468343326	219.460047571
433.999697242	C0	67.3052239464	328.21210585
356.233109077	C0	10.4613642186	250.445517685
398.64165037	C0	31.9471770744	292.854058978
282.804438432	C0	83.8900348636	177.01684704
441.566138215	C0	74.8716649194	335.778546823
417.342076911	C0	50.6476036154	311.554485519
351.445970664	C0	15.2485026316	245.658379272
347.471878569	C0	19.2225947266	241.684287177
318.154005404	C0	48.5404678916	212.366414012
350.154137237	C0	16.5403360586	244.366545845
479.302268021	C0	112.607794725	373.514676629
228.156179122	C1	138.538294174	122.36858773
263.736760182	C0	102.957713114	157.94916879
429.848640217	C0	63.1541669214	324.061048825
402.511153513	C0	35.8166802174	296.723562121
422.648366677	C0	55.9538933814	316.860775285
436.579834331	C0	69.8853610354	330.792242939
389.261996527	C0	22.5675232314	283.474405135
337.876084507	C0	28.8183887886	232.088493115
218.313450734	C1	148.381022562	112.525859342
290.567268023	C0	76.1272052726	184.779676631
397.117712243	C0	30.4232389474	291.330120851
284.209714855	C0	82.4847584406	178.422123463
363.319147001	C0	3.37532629465	257.531555609
449.089257927	C0	82.3947846314	343.301666535
330.467826603	C0	36.2266466926	224.680235211
444.896000294	C0	78.2015269984	339.108408902
481.343933067	C0	114.649459771	375.556341675
306.603832084	C0	60.0906412116	200.816240692
302.778151086	C0	63.9163222096	196.990559694
611.517254515	C0	244.822781219	505.729663123
397.639411454	C0	30.9449381584	291.851820062
374.498599386	C0	7.80412609035	268.711007994
424.695365513	C0	58.0008922174	318.907774121
231.498214838	C1	135.196258458	125.710623446
370.712963337	C0	4.01849004135	264.925371945
530.765471132	C0	164.070997836	424.97787974
261.074423577	C0	105.620049719	155.286832185
423.173266773	C0	56.4787934774	317.385675381
534.737846942	C0	168.043373646	428.95025555
177.321696116	C1	189.37277718	71.5341047243
410.850848274	C0	44.1563749784	305.063256882
346.090898357	C0	20.6035749386	240.303306965
401.985270227	C0	35.2907969314	296.197678835
394.96178478	C0	28.2673114844	289.174193388
434.334756373	C0	67.6402830774	328.547164981
353.177468347	C0	13.5170049486	247.389876955
448.228960538	C0	81.5344872424	342.441369146
329.208349962	C0	37.4861233336	223.42075857
234.280975276	C1	132.41349802	128.493383884
378.235232151	C0	11.5407588554	272.447640759
378.957950951	C0	12.2634776554	273.170359559
241.980421862	C0	124.714051434	136.19283047
410.403180086	C0	43.7087067904	304.615588694
130.764017365	C1	235.930455931	24.9764259733
206.537277584	C1	160.157195712	100.749686192
289.038288775	C0	77.6561845206	183.250697383
534.416943262	C0	167.722469966	428.62935187
284.152695017	C0	82.5417782786	178.365103625
242.713532595	C0	123.980940701	136.925941203
414.233747356	C0	47.5392740604	308.446155964
126.920623111	C1	239.773850185	21.1330317193
425.340544689	C0	58.6460713934	319.552953297
475.714556047	C0	109.020082751	369.926964655
333.7576091	C0	32.9368641956	227.970017708
230.13236753	C1	136.562105766	124.344776138
387.390341052	C0	20.6958677564	281.60274966
267.494126397	C0	99.2003468986	161.706535005
339.811448485	C0	26.8830248106	234.023857093
454.830952841	C0	88.1364795454	349.043361449
263.162289735	C0	103.532183561	157.374698343
429.351355725	C0	62.6568824294	323.563764333
375.00994789	C0	8.31547459435	269.222356498
274.977833178	C0	91.7166401176	169.190241786
538.695065364	C0	172.000592068	432.907473972
301.805638221	C0	64.8888350746	196.018046829
560.652506956	C0	193.95803366	454.864915564
250.026160461	C0	116.668312835	144.238569069
374.463197275	C0	7.76872397935	268.675605883
319.904869255	C0	46.7896040406	214.117277863
416.556131595	C0	49.8616582994	310.768540203
250.806303681	C0	115.888169615	145.018712289
172.590511551	C1	194.103961745	66.8029201593
321.602557924	C0	45.0919153716	215.814966532
300.115524253	C0	66.5789490426	194.327932861
468.414408197	C0	101.719934901	362.626816805
419.645392841	C0	52.9509195454	313.857801449
411.211580474	C0	44.5171071784	305.423989082
308.720449904	C0	57.9740233916	202.932858512
319.28201758	C0	47.4124557156	213.494426188
427.641192466	C0	60.9467191704	321.853601074
160.977032811	C1	205.717440485	55.1894414193
358.436726251	C0	8.25774704465	252.649134859
345.964044994	C0	20.7304283016	240.176453602
536.845930133	C0	170.151456837	431.058338741
472.075960791	C0	105.381487495	366.288369399
286.897869002	C0	79.7966042936	181.11027761
339.446281492	C0	27.2481918036	233.6586901
296.388837765	C0	70.3056355306	190.601246373
369.764074612	C0	3.06960131635	263.97648322
259.208601849	C0	107.485871447	153.421010457
237.537664961	C0	129.156808335	131.750073569
467.305378843	C0	100.610905547	361.517787451
342.091562886	C0	24.6029104096	236.303971494
331.442995032	C0	35.2514782636	225.65540364
314.664985609	C0	52.0294876866	208.877394217
468.619779106	C0	101.92530581	362.832187714
301.561945684	C0	65.1325276116	195.774354292
344.549859473	C0	22.1446138226	238.762268081
220.221087471	C1	146.473385825	114.433496079
479.734114171	C0	113.039640875	373.946522779
129.551833945	C1	237.142639351	23.7642425533
354.377008781	C0	12.3174645146	248.589417389
440.120436511	C0	73.4259632154	334.332845119
241.107823995	C0	125.586649301	135.320232603
440.859114367	C0	74.1646410714	335.071522975
408.087227131	C0	41.3927538354	302.299635739
440.959960983	C0	74.2654876874	335.172369591
337.741691437	C0	28.9527818586	231.954100045
321.987554915	C0	44.7069183806	216.199963523
462.828945878	C0	96.1344725824	357.041354486
412.307814991	C0	45.6133416954	306.520223599
258.910133745	C0	107.784339551	153.122542353
373.293415678	C0	6.59894238235	267.505824286
387.841711848	C0	21.1472385524	282.054120456
314.549195947	C0	52.1452773486	208.761604555
332.046011233	C0	34.6484620626	226.258419841
377.190164135	C0	10.4956908394	271.402572743
285.093854977	C0	81.6006183186	179.306263585
530.410100302	C0	163.715627006	424.62250891
310.312793372	C0	56.3816799236	204.52520198
330.342196675	C0	36.3522766206	224.554605283
434.812196247	C0	68.1177229514	329.024604855
432.903647962	C0	66.2091746664	327.11605657
255.646962799	C0	111.047510497	149.859371407
343.225781801	C0	23.4686914946	237.438190409
435.476040586	C0	68.7815672904	329.688449194
261.030584804	C0	105.663888492	155.242993412
391.463160614	C0	24.7686873184	285.675569222
448.746814123	C0	82.0523408274	342.959222731
285.006969728	C0	81.6875035676	179.219378336
389.580869801	C0	22.8863965054	283.793278409
352.672829237	C0	14.0216440586	246.885237845
271.722480124	C0	94.9719931716	165.934888732
321.701436806	C0	44.9930364896	215.913845414
241.865368718	C0	124.829104578	136.077777326
161.86034639	C1	204.834126906	56.0727549983
374.81262014	C0	8.11814684435	269.025028748
393.870475068	C0	27.1760017724	288.082883676
523.038060891	C0	156.343587595	417.250469499
270.714655379	C0	95.9798179166	164.927063987
358.215056351	C0	8.47941694465	252.427464959
360.525869893	C0	6.16860340265	254.738278501
434.663886254	C0	67.9694129584	328.876294862
277.59988183	C0	89.0945914656	171.812290438
358.033333332	C0	8.66113996365	252.24574194
226.090083083	C1	140.604390213	120.302491691
208.795132128	C1	157.899341168	103.007540736
354.841749284	C0	11.8527240116	249.054157892
193.633093082	C1	173.061380214	87.8455016903
341.01451066	C0	25.6799626356	235.226919268
345.203913383	C0	21.4905599126	239.416321991
459.004949822	C0	92.3104765264	353.21735843
479.900616929	C0	113.206143633	374.113025537
287.570453181	C0	79.1240201146	181.782861789
453.594251227	C0	86.8997779314	347.806659835
320.47470139	C0	46.2197719056	214.687109998
323.639480321	C0	43.0549929746	217.851888929
359.253358555	C0	7.44111474065	253.465767163
433.137316378	C0	66.4428430824	327.349724986
362.399994218	C0	4.29447907765	256.612402826
250.325883443	C0	116.368589853	144.538292051
364.846557236	C0	1.84791605965	259.058965844
284.198306608	C0	82.4961666876	178.410715216
256.429049981	C0	110.265423315	150.641458589
388.029940688	C0	21.3354673924	282.242349296
294.365893284	C0	72.3285800116	188.578301892
356.84884031	C0	9.84563298565	251.061248918
487.148207324	C0	120.453734028	381.360615932
280.515044272	C0	86.1794290236	174.72745288
249.547547501	C0	117.146925795	143.759956109
165.886265875	C1	200.808207421	60.0986744833
267.37790779	C0	99.3165655056	161.590316398
425.411381019	C0	58.7169077234	319.623789627
286.743434449	C0	79.9510388466	180.955843057
567.133859495	C0	200.439386199	461.346268103
300.148972267	C0	66.5455010286	194.361380875
537.907800221	C0	171.213326925	432.120208829
447.3327367	C0	80.6382634044	341.545145308
303.967947022	C0	62.7265262736	198.18035563
377.479780967	C0	10.7853076714	271.692189575
324.479510162	C0	42.2149631336	218.69191877
432.711256977	C0	66.0167836814	326.923665585
420.03513307	C0	53.3406597744	314.247541678
413.380996226	C0	46.6865229304	307.593404834
380.297009283	C0	13.6025359874	274.509417891
399.745289235	C0	33.0508159394	293.957697843
244.551911828	C0	122.142561468	138.764320436
306.351624435	C0	60.3428488606	200.564033043
258.549787312	C0	108.144685984	152.76219592
169.593570294	C1	197.100903002	63.8059789023
253.035503799	C0	113.658969497	147.247912407
275.054838759	C0	91.6396345366	169.267247367
394.307991946	C0	27.6135186504	288.520400554
359.773799433	C0	6.92067386265	253.986208041
289.533374069	C0	77.1610992266	183.745782677
318.276980824	C0	48.4174924716	212.489389432
265.490458414	C0	101.204014882	159.702867022
373.706659599	C0	7.01218630335	267.919068207
476.633465057	C0	109.938991761	370.845873665
245.550283282	C0	121.144190014	139.76269189
292.065107929	C0	74.6293653666	186.277516537
387.330333534	C0	20.6358602384	281.542742142
442.374013999	C0	75.6795407034	336.586422607
236.393076572	C0	130.301396724	130.60548518
371.995727453	C0	5.30125415735	266.208136061
415.851543164	C0	49.1570698684	310.063951772
391.313460135	C0	24.6189868394	285.525868743
252.53401158	C0	114.160461716	146.746420188
396.600723376	C0	29.9062500804	290.813131984
298.292999025	C0	68.4014742706	192.505407633
467.844858159	C0	101.150384863	362.057266767
241.864813955	C0	124.829659341	136.077222563
337.712764485	C0	28.9817088106	231.925173093
350.995378897	C0	15.6990943986	245.207787505
354.3514547	C0	12.3430185956	248.563863308
324.700167744	C0	41.9943055516	218.912576352
404.350557599	C0	37.6560843034	298.562966207
426.258066083	C0	59.5635927874	320.470474691
398.015129157	C0	31.3206558614	292.227537765
464.677918455	C0	97.9834451594	358.890327063
292.441500962	C0	74.2529723336	186.65390957
328.131643631	C0	38.5628296646	222.344052239
430.267159738	C0	63.5726864424	324.479568346
445.699054239	C0	79.0045809434	339.911462847
320.529117775	C0	46.1653555206	214.741526383
403.217748135	C0	36.5232748394	297.430156743
342.157846675	C0	24.5366266206	236.370255283
544.91401813	C0	178.219544834	439.126426738
368.504004399	C0	1.80953110335	262.716413007
460.618314733	C0	93.9238414374	354.830723341
383.218905306	C0	16.5244320104	277.431313914
578.596698938	C0	211.902225642	472.809107546
487.554279086	C0	120.85980579	381.766687694
173.138648775	C1	193.555824521	67.3510573833
408.733614154	C0	42.0391408584	302.946022762
440.554011396	C0	73.8595381004	334.766420004
51.7834592587	C1	314.911014037	54.004132133
421.896969538	C0	55.2024962424	316.109378146
447.905684765	C0	81.2112114694	342.118093373
316.079486605	C0	50.6149866906	210.291895213
269.615864035	C0	97.0786092606	163.828272643
340.697336559	C0	25.9971367366	234.909745167
551.410459991	C0	184.715986695	445.622868599
538.120285423	C0	171.425812127	432.332694031
513.738951118	C0	147.044477822	407.951359726
318.860339185	C0	47.8341341106	213.072747793
255.241228302	C0	111.453244994	149.45363691
476.270336297	C0	109.575863001	370.482744905
297.800880497	C0	68.8935927986	192.013289105
266.126489891	C0	100.567983405	160.338898499
243.195254226	C0	123.49921907	137.407662834
362.177178471	C0	4.51729482465	256.389587079
268.47850964	C0	98.2159636556	162.690918248
480.365337806	C0	113.67086451	374.577746414
442.321211575	C0	75.6267382794	336.533620183
278.159214282	C0	88.5352590136	172.37162289
275.928760804	C0	90.7657124916	170.141169412
285.902605112	C0	80.7918681836	180.11501372
396.191407008	C0	29.4969337124	290.403815616
453.015859892	C0	86.3213865964	347.2282685
557.394663168	C0	190.700189872	451.607071776
411.479289551	C0	44.7848162554	305.691698159
363.209319806	C0	3.48515348965	257.421728414
274.021590977	C0	92.6728823186	168.233999585
450.815486043	C0	84.1210127474	345.027894651
374.161912289	C0	7.46743899335	268.374320897
479.25785878	C0	112.563385484	373.470267388
421.065830782	C0	54.3713574864	315.27823939
290.631169436	C0	76.0633038596	184.843578044
402.337657754	C0	35.6431844584	296.550066362
313.268234105	C0	53.4262391906	207.480642713
432.740988696	C0	66.0465154004	326.953397304
206.51241553	C1	160.182057766	100.724824138
306.333169594	C0	60.3613037016	200.545578202
289.796052063	C0	76.8984212326	184.008460671
217.774846152	C1	148.919627144	111.98725476
503.182560377	C0	136.488087081	397.394968985
439.438629742	C0	72.7441564464	333.65103835
203.893084724	C1	162.801388572	98.1054933323
229.452649753	C1	137.241823543	123.665058361
416.73515034	C0	50.0406770444	310.947558948
469.348432112	C0	102.653958816	363.56084072
298.881991891	C0	67.8124814046	193.094400499
399.711490509	C0	33.0170172134	293.923899117
349.676288527	C0	17.0181847686	243.888697135
395.27046203	C0	28.5759887344	289.482870638
323.275638961	C0	43.4188343346	217.488047569
559.136292676	C0	192.44181938	453.348701284
304.913196961	C0	61.7812763346	199.125605569
388.332345728	C0	21.6378724324	282.544754336
463.905459485	C0	97.2109861894	358.117868093
288.293540208	C0	78.4009330876	182.505948816
93.8250254194	C1	272.869447876	11.9625659723
311.728640487	C0	54.9658328086	205.941049095
104.005776737	C1	262.688696559	1.7818146547
297.869484274	C0	68.8249890216	192.081892882
422.340688763	C0	55.6462154674	316.553097371
363.517110121	C0	3.17736317465	257.729518729
272.559818147	C0	94.1346551486	166.772226755
306.257269659	C0	60.4372036366	200.469678267
318.345186278	C0	48.3492870176	212.557594886
223.005232782	C1	143.689240514	117.21764139
439.628923096	C0	72.9344498004	333.841331704
258.669712354	C0	108.024760942	152.882120962
349.898545983	C0	16.7959273126	244.110954591
387.126480475	C0	20.4320071794	281.338889083
137.600434866	C1	229.09403843	31.8128434743
268.784953858	C0	97.9095194376	162.997362466
156.564340579	C1	210.130132717	50.7767491873
419.975059352	C0	53.2805860564	314.18746796
278.829941522	C0	87.8645317736	173.04235013
293.566322785	C0	73.1281505106	187.778731393
411.131984478	C0	44.4375111824	305.344393086
275.98673446	C0	90.7077388356	170.199143068
285.925144967	C0	80.7693283286	180.137553575
224.822217238	C1	141.872256058	119.034625846
227.525050155	C1	139.169423141	121.737458763
209.814340023	C1	156.880133273	104.026748631
286.610942259	C0	80.0835310366	180.823350867
401.092760125	C0	34.3982868294	295.305168733
319.626019918	C0	47.0684533776	213.838428526
378.081662893	C0	11.3871895974	272.294071501
264.000569722	C0	102.693903574	158.21297833
323.349229654	C0	43.3452436416	217.561638262
492.020232085	C0	125.325758789	386.232640693
250.027092514	C0	116.667380782	144.239501122
320.183680879	C0	46.5107924166	214.396089487
358.482193847	C0	8.21227944865	252.694602455
301.962377488	C0	64.7320958076	196.174786096
382.937155789	C0	16.2426824934	277.149564397
314.452259405	C0	52.2422138906	208.664668013
180.431229326	C1	186.26324397	74.6436379343
439.734969802	C0	73.0404965064	333.94737841
459.050355914	C0	92.3558826184	353.262764522
437.277222411	C0	70.5827491154	331.489631019
420.568333708	C0	53.8738604124	314.780742316
202.027463499	C1	164.667009797	96.2398721073
282.541910613	C0	84.1525626826	176.754319221
195.829836675	C1	170.864636621	90.0422452833
359.353464872	C0	7.34100842365	253.56587348
445.269165368	C0	78.5746920724	339.481573976
351.272498113	C0	15.4219751826	245.484906721
201.005946657	C1	165.688526639	95.2183552653
342.564103225	C0	24.1303700706	236.776511833
356.253616352	C0	10.4408569436	250.46602496
311.995761878	C0	54.6987114176	206.208170486
387.436829121	C0	20.7423558254	281.649237729
450.373449987	C0	83.6789766914	344.585858595
326.969913445	C0	39.7245598506	221.182322053
252.272808607	C0	114.421664689	146.485217215
323.456040005	C0	43.2384332906	217.668448613
295.484602852	C0	71.2098704436	189.69701146
335.383123691	C0	31.3113496046	229.595532299
324.696802609	C0	41.9976706866	218.909211217
349.522143281	C0	17.1723300146	243.734551889
449.481244328	C0	82.7867710324	343.693652936
202.201565769	C1	164.492907527	96.4139743773
375.43767929	C0	8.74320599435	269.650087898
476.497728593	C0	109.803255297	370.710137201
327.157576114	C0	39.5368971816	221.369984722
309.605055768	C0	57.0894175276	203.817464376
393.200222571	C0	26.5057492754	287.412631179
325.37541777	C0	41.3190555256	219.587826378
450.382614378	C0	83.6881410824	344.595022986
324.245311478	C0	42.4491618176	218.457720086
494.529094234	C0	127.834620938	388.741502842
100.601209796	C1	266.0932635	5.1863815957
246.454378749	C0	120.240094547	140.666787357
302.794823684	C0	63.8996496116	197.007232292
456.576121173	C0	89.8816478774	350.788529781
287.150831816	C0	79.5436414796	181.363240424
521.923000185	C0	155.228526889	416.135408793
301.084596622	C0	65.6098766736	195.29700523
526.384154223	C0	159.689680927	420.596562831
506.301207459	C0	139.606734163	400.513616067
328.135102824	C0	38.5593704716	222.347511432
435.360192341	C0	68.6657190454	329.572600949
361.38719542	C0	5.30727787565	255.599604028
218.778699838	C1	147.915773458	112.991108446
234.485301695	C1	132.209171601	128.697710303
392.75699601	C0	26.0625227144	286.969404618
281.893515485	C0	84.8009578106	176.105924093
304.4663351	C0	62.2281381956	198.678743708
262.614851386	C0	104.07962191	156.827259994
309.949602186	C0	56.7448711096	204.162010794
428.305028548	C0	61.6105552524	322.517437156
270.674423377	C0	96.0200499186	164.886831985
315.583312422	C0	51.1111608736	209.79572103
371.934520791	C0	5.24004749535	266.146929399
356.880383929	C0	9.81408936665	251.092792537
315.268804815	C0	51.4256684806	209.481213423
451.328641894	C0	84.6341685984	345.541050502
353.952229733	C0	12.7422435626	248.164638341
335.609056695	C0	31.0854166006	229.821465303
361.693153196	C0	5.00132009965	255.905561804
168.797495458	C1	197.896977838	63.0099040663
232.710230803	C1	133.984242493	126.922639411
296.947150509	C0	69.7473227866	191.159559117
270.940737509	C0	95.7537357866	165.153146117
388.648437703	C0	21.9539644074	282.860846311
248.640687474	C0	118.053785822	142.853096082
517.967431622	C0	151.272958326	412.17984023
211.246762266	C1	155.44771103	105.459170874
345.650892262	C0	21.0435810336	239.86330087
336.922051853	C0	29.7724214426	231.134460461
247.122749759	C0	119.571723537	141.335158367
391.164845338	C0	24.4703720424	285.377253946
417.662650677	C0	50.9681773814	311.875059285
346.844018438	C0	19.8504548576	241.056427046
427.401395795	C0	60.7069224994	321.613804403
438.170483112	C0	71.4760098164	332.38289172
305.470181409	C0	61.2242918866	199.682590017
520.984369721	C0	154.289896425	415.196778329
321.193200274	C0	45.5012730216	215.405608882
381.773660164	C0	15.0791868684	275.986068772
344.379113217	C0	22.3153600786	238.591521825
314.678002881	C0	52.0164704146	208.890411489
359.618517209	C0	7.07595608665	253.830925817
317.907643982	C0	48.7868293136	212.12005259
453.69479471	C0	87.0003214144	347.907203318
418.0173663	C0	51.3228930044	312.229774908
433.06273952	C0	66.3682662244	327.275148128
225.170862473	C1	141.523610823	119.383271081
240.845766313	C0	125.848706983	135.058174921
492.494193639	C0	125.799720343	386.706602247
251.682036374	C0	115.012436922	145.894444982
295.647200731	C0	71.0472725646	189.859609339
158.985818326	C1	207.70865497	53.1982269343
396.988808925	C0	30.2943356294	291.201217533
308.009601061	C0	58.6848722346	202.222009669
445.01574088	C0	78.3212675844	339.228149488
295.377208766	C0	71.3172645296	189.589617374
491.095866131	C0	124.401392835	385.308274739
443.067852576	C0	76.3733792804	337.280261184
369.685489763	C0	2.99101646735	263.897898371
243.957192387	C0	122.737280909	138.169600995
434.27278056	C0	67.5783072644	328.485189168
195.845384933	C1	170.849088363	90.0577935413
298.138904673	C0	68.5555686226	192.351313281
367.57951299	C0	0.88503969435	261.791921598
492.029196707	C0	125.334723411	386.241605315
564.140037628	C0	197.445564332	458.352446236
458.506809319	C0	91.8123360234	352.719217927
156.802492471	C1	209.891980825	51.0149010793
329.867953558	C0	36.8265197376	224.080362166
362.598157519	C0	4.09631577665	256.810566127
241.947265047	C0	124.747208249	136.159673655
249.813978368	C0	116.880494928	144.026386976
215.223003863	C1	151.471469433	109.435412471
353.374728525	C0	13.3197447706	247.587137133
323.017313498	C0	43.6771597976	217.229722106
280.762133581	C0	85.9323397146	174.974542189
485.852097016	C0	119.15762372	380.064505624
277.700487589	C0	88.9939857066	171.912896197
390.694600413	C0	24.0001271174	284.907009021
290.562201545	C0	76.1322717506	184.774610153
434.912292856	C0	68.2178195604	329.124701464
355.810893611	C0	10.8835796846	250.023302219
438.760774336	C0	72.0663010404	332.973182944
495.954181065	C0	129.259707769	390.166589673
236.944423733	C0	129.750049563	131.156832341
443.275760635	C0	76.5812873394	337.488169243
410.48572444	C0	43.7912511444	304.698133048
261.523280746	C0	105.17119255	155.735689354
248.654794982	C0	118.039678314	142.86720359
305.687933865	C0	61.0065394306	199.900342473
397.159269257	C0	30.4647959614	291.371677865
85.1569947884	C1	281.537478507	20.6305966033
18.2765285191	C1	348.417944777	87.5110628726
105.789421619	C1	260.905051677	0.00183022730242
76.6948475658	C1	289.99962573	29.0927438259
89.6434561992	C1	277.051017096	16.1441351925
146.25290663	C1	220.441566666	40.4653152383
58.5929779736	C1	308.101495322	47.1946134181
60.2923231266	C1	306.402150169	45.4952682651
33.4357497359	C1	333.25872356	72.3518416558
55.9038851722	C1	310.790588123	49.8837062195
132.220389428	C1	234.474083868	26.4327980363
63.4674027827	C1	303.227070513	42.320188609
166.916486479	C1	199.777986817	61.1288950873
184.382567785	C1	182.311905511	78.5949763933
88.4084425325	C1	278.286030763	17.3791488592
97.6404175082	C1	269.054055787	8.1471738835
159.770731767	C1	206.923741529	53.9831403753
63.7578159495	C1	302.936657346	42.0297754422
168.004884505	C1	198.689588791	62.2172931133
71.6489474904	C1	295.045525805	34.1386439013
96.4323551538	C1	270.262118142	9.3552362379
155.727453859	C1	210.967019437	49.9398624673
149.287201296	C1	217.407272	43.4996099043
20.0422649624	C1	346.652208333	85.7453264293
132.847237579	C1	233.847235717	27.0596461873
74.5256927497	C1	292.168780546	31.261898642
145.637880939	C1	221.056592357	39.8502895473
135.916409257	C1	230.778064039	30.1288178653
28.5474914151	C1	338.146981881	77.2400999766
213.471169183	C1	153.223304113	107.683577791
14.8296434612	C1	351.864829834	90.9579479305
142.290176121	C1	224.404297175	36.5025847293
42.2048782348	C1	324.489595061	63.5827131569
104.400282418	C1	262.294190878	1.3873089737
85.6750863973	C1	281.019386898	20.1125049944
137.374347323	C1	229.320125973	31.5867559313
138.834791567	C1	227.859681729	33.0472001753
43.535045522	C1	323.159427774	62.2525458697
9.2914749725	C1	357.402998323	96.4961164192
120.97615155	C1	245.718321746	15.1885601583
92.6500388281	C1	274.044434468	13.1375525636
85.2230858372	C1	281.471387458	20.5645055545
116.49238609	C1	250.202087206	10.7047946983
147.418484487	C1	219.275988809	41.6308930953
190.034918586	C1	176.65955471	84.2473271943
115.962244924	C1	250.732228372	10.1746535323
66.8113033273	C1	299.883169968	38.9762880644
69.0404867658	C1	297.65398653	36.7471046259
111.103500858	C1	255.590972438	5.3159094663
107.548311937	C1	259.146161359	1.7607205453
157.150036542	C1	209.544436754	51.3624451503
119.676579425	C1	247.017893871	13.8889880333
105.576754876	C1	261.11771842	0.210836515698
76.0022050707	C1	290.692268225	29.785386321
89.1095805283	C1	277.584892767	16.6780108634
73.6033769022	C1	293.091096393	32.1842144895
69.9336269803	C1	296.760846315	35.8539644114
121.05252002	C1	245.641953276	15.2649286283
123.601686073	C1	243.092787223	17.8140946813
75.5175988711	C1	291.176874425	30.2699925206
148.650836854	C1	218.043636442	42.8632454623
113.221528479	C1	253.472944817	7.4339370873
101.76906402	C1	264.925409276	4.0185273717
25.9487350331	C1	340.745738263	79.8388563586
233.596543891	C1	133.097929405	127.808952499
85.9346238067	C1	280.759849489	19.852967585
61.5751095355	C1	305.11936376	44.2124818562
205.393233013	C1	161.301240283	99.6056416213
58.4843807323	C1	308.210092563	47.3032106594
89.9531858475	C1	276.741287448	15.8344055442
87.4558553821	C1	279.238617914	18.3317360096
106.423921228	C1	260.270552068	0.636329836302
70.1222584791	C1	296.572214817	35.6653329126
110.017948232	C1	256.676525064	4.2303568403
174.168431454	C1	192.526041842	68.3808400623
105.921191634	C1	260.773281662	0.133600242302
123.126321016	C1	243.56815228	17.3387296243
70.6432338166	C1	296.051239479	35.1443575751
49.3105455112	C1	317.383927784	56.4770458805
67.7986499794	C1	298.895823316	37.9889414123
99.353114551	C1	267.341358745	6.4344768407
49.7230789303	C1	316.971394365	56.0645124614
128.243683512	C1	238.450789784	22.4560921203
169.354709446	C1	197.33976385	63.5671180543
170.954707254	C1	195.739766042	65.1671158623
46.5552468451	C1	320.139226451	59.2323445466
141.04269978	C1	225.651773516	35.2551083883
82.7200219299	C1	283.974451366	23.0675694618
144.232190125	C1	222.462283171	38.4445987333
75.4843816714	C1	291.210091624	30.3032097203
94.6734531557	C1	272.02102014	11.114138236
67.453744723	C1	299.240728573	38.3338466687
7.221321004	C1	359.473152292	98.5662703877
57.6958471575	C1	308.998626138	48.0917442342
151.390772618	C1	215.303700678	45.6031812263
82.6371098647	C1	284.057363431	23.150481527
86.304475433	C1	280.389997863	19.4831159587
160.470252399	C1	206.224220897	54.6826610073
78.4159967212	C1	288.278476574	27.3715946705
3.27893385334	C1	363.415539442	102.508657538
137.812370956	C1	228.88210234	32.0247795643
177.196695608	C1	189.497777688	71.4091042163
74.9406790197	C1	291.753794276	30.846912372
174.360471374	C1	192.334001922	68.5728799823
69.9266392745	C1	296.767834021	35.8609521172
228.92297325	C1	137.771500046	123.135381858
126.289313433	C1	240.405159863	20.5017220413
160.96696041	C1	205.727512886	55.1793690183
2.50873764118	C1	364.185735654	103.278853751
146.156784016	C1	220.53768928	40.3691926243
42.816677643	C1	323.877795653	62.9709137487
134.112790321	C1	232.581682975	28.3251989293
41.7591790642	C1	324.935294231	64.0284123275
115.669387795	C1	251.025085501	9.8817964033
125.359873518	C1	241.334599778	19.5722821263
76.4213128307	C1	290.273160465	29.366278561
137.437262723	C1	229.257210573	31.6496713313
133.214787025	C1	233.479686271	27.4271956333
118.676817146	C1	248.01765615	12.8892257543
67.1450649998	C1	299.549408296	38.6425263919
222.310881672	C1	144.383591624	116.52329028
19.4893879888	C1	347.205085307	86.2982034029
42.8517835986	C1	323.842689697	62.9358077931
92.1250729912	C1	274.569400304	13.6625184005
91.6147911027	C1	275.079682193	14.172800289
49.2907451074	C1	317.403728188	56.4968462843
176.933808772	C1	189.760664524	71.1462173803
131.272180778	C1	235.422292518	25.4845893863
75.1889731323	C1	291.505500163	30.5986182594
37.5139220398	C1	329.180551256	68.2736693519
198.240687233	C1	168.453786063	92.4530958413
87.7371632045	C1	278.957310091	18.0504281872
25.9287207813	C1	340.765752514	79.8588706104
74.4639752164	C1	292.230498079	31.3236161753
47.011731059	C1	319.682742237	58.7758603327
249.619188614	C0	117.075284682	143.831597222
31.4899031015	C1	335.204570194	74.2976882902
57.3249881881	C1	309.369485108	48.4626032036
174.870152355	C1	191.824320941	69.0825609633
32.3379636882	C1	334.356509607	73.4496277035
80.7353895752	C1	285.95908372	25.0522018165
105.316435065	C1	261.378038231	0.471156326698
62.5909584356	C1	304.10351486	43.1966329561
116.146815464	C1	250.547657832	10.3592240723
125.849983264	C1	240.844490032	20.0623918723
50.3701663981	C1	316.324306898	55.4174249936
150.746102315	C1	215.948370981	44.9585109233
117.672223713	C1	249.022249583	11.8846323213
114.036873529	C1	252.657599767	8.2492821373
142.063989172	C1	224.630484124	36.2763977803
109.49751908	C1	257.196954216	3.7099276883
136.986707481	C1	229.707765815	31.1991160893
84.0017811297	C1	282.692692166	21.785810262
104.583166923	C1	262.111306373	1.2044244687
20.2881800015	C1	346.406293294	85.4994113902
114.501016731	C1	252.193456565	8.7134253393
148.666157037	C1	218.028316259	42.8785656453
228.809949242	C1	137.884524054	123.02235785
140.999318881	C1	225.695154415	35.2117274893
75.9576286493	C1	290.736844646	29.8299627424
101.331693426	C1	265.36277987	4.4558979657
77.5274951881	C1	289.166978108	28.2600962036
56.361973876	C1	310.33249942	49.4256175157
134.357234143	C1	232.337239153	28.5696427513
74.8532785716	C1	291.841194724	30.9343128201
53.0923982176	C1	313.602075078	52.6951931741
105.595266422	C1	261.099206874	0.192324969698
73.6130685132	C1	293.081404782	32.1745228785
46.470895573	C1	320.223577723	59.3166958187
136.983734185	C1	229.710739111	31.1961427933
-20.1848026474	C1	386.879275943	125.972394039
159.25202817	C1	207.442445126	53.4644367783
143.763779077	C1	222.930694219	37.9761876853
52.4078582256	C1	314.28661507	53.3797331661
82.0572044226	C1	284.637268873	23.7303869691
139.451672992	C1	227.242800304	33.6640816003
97.9790607491	C1	268.715412547	7.8085306426
107.878380175	C1	258.816093121	2.0907887833
132.938977776	C1	233.75549552	27.1513863843
122.068449023	C1	244.626024273	16.2808576313
142.711891634	C1	223.982581662	36.9243002423
109.890878993	C1	256.803594303	4.1032876013
31.4283036993	C1	335.266169596	74.3592876924
103.791280273	C1	262.903193023	1.9963111187
1.14169724991	C1	365.552776046	104.645894142
108.402283114	C1	258.292190182	2.6146917223
167.952827361	C1	198.741645935	62.1652359693
106.828771193	C1	259.865702103	1.0411798013
66.9923587221	C1	299.702114574	38.7952326696
223.228777627	C1	143.465695669	117.441186235
81.7472972475	C1	284.947176048	24.0402941442
-3.77632868488	C1	370.470801981	109.563920077
115.698180838	C1	250.996292458	9.9105894463
126.34163977	C1	240.352833526	20.5540483783
109.994278884	C1	256.700194412	4.2066874923
130.647195099	C1	236.047278197	24.8596037073
125.548837987	C1	241.145635309	19.7612465953
77.9516224194	C1	288.742850876	27.8359689723
153.887281143	C1	212.807192153	48.0996897513
88.5346439113	C1	278.159829384	17.2529474804
88.1323703116	C1	278.562102984	17.6552210801
97.7854523212	C1	268.909020974	8.0021390705
114.040039512	C1	252.654433784	8.2524481203
76.4273865239	C1	290.267086772	29.3602048678
67.9469781092	C1	298.747495186	37.8406132825
-41.3965375766	C1	408.091010872	147.184128968
203.163844909	C1	163.530628387	97.3762535173
176.653337604	C1	190.041135692	70.8657462123
110.530807902	C1	256.163665394	4.7432165103
57.9508722759	C1	308.74360102	47.8367191158
103.503223158	C1	263.191250138	2.2843682337
160.668560915	C1	206.025912381	54.8809695233
152.081594805	C1	214.612878491	46.2940034133
175.388144308	C1	191.306328988	69.6005529163
54.236610148	C1	312.457863148	51.5509812437
47.1434953113	C1	319.550977984	58.6440960804
78.0033350091	C1	288.691138287	27.7842563826
0.376806886373	C1	366.317666409	105.410784505
56.0667655204	C1	310.627707775	49.7208258713
175.982962303	C1	190.711510993	70.1953709113
173.334854053	C1	193.359619243	67.5472626613
168.843367446	C1	197.85110585	63.0557760543
33.5952711983	C1	333.099202097	72.1923201934
87.2947849042	C1	279.399688391	18.4928064875
152.347960587	C1	214.346512709	46.5603691953
-52.8177380864	C1	419.512211382	158.605329478
144.15351829	C1	222.540955006	38.3659268983
101.197094472	C1	265.497378824	4.5904969197
127.894363203	C1	238.800110093	22.1067718113
194.234802098	C1	172.459671198	88.4472107063
58.2791362842	C1	308.415337011	47.5084551075
111.230672005	C1	255.463801291	5.4430806133
75.4423205959	C1	291.2521527	30.3452707958
79.323794515	C1	287.370678781	26.4637968767
68.3602755358	C1	298.33419776	37.4273158559
-12.1980015862	C1	378.892474882	117.985592978
20.7168246613	C1	345.977648634	85.0707667304
90.5449808082	C1	276.149492487	15.2426105835
168.727304246	C1	197.96716905	62.9397128543
200.973755315	C1	165.720717981	95.1861639233
194.131337335	C1	172.563135961	88.3437459433
44.8786068044	C1	321.815866491	60.9089845873
119.099233345	C1	247.595239951	13.3116419533
112.00037769	C1	254.694095606	6.2127862983
99.5638945877	C1	267.130578708	6.223696804
35.5340766178	C1	331.160396678	70.2535147739
134.565534448	C1	232.128938848	28.7779430563
16.7693904293	C1	349.925082866	89.0182009624
98.012533235	C1	268.681940061	7.7750581567
195.2936084	C1	171.400864896	89.5060170083
67.7052021516	C1	298.989271144	38.0823892401
80.0699689024	C1	286.624504393	25.7176224893
133.443666127	C1	233.250807169	27.6560747353
127.060738742	C1	239.633734554	21.2731473503
39.3857268964	C1	327.308746399	66.4018644953
15.220981861	C1	351.473491435	90.5666095307
34.9755297329	C1	331.718943563	70.8120616588
79.0424089463	C1	287.652064349	26.7451824454
127.840445271	C1	238.854028025	22.0528538793
71.6206011676	C1	295.073872128	34.1669902241
141.730299656	C1	224.96417364	35.9427082643
61.1652916614	C1	305.529181634	44.6222997303
138.34398822	C1	228.350485076	32.5563968283
58.5999661191	C1	308.094507177	47.1876252726
138.963920531	C1	227.730552765	33.1763291393
21.0520417998	C1	345.642431496	84.7355495919
-61.2481654513	C1	427.942638747	167.035756843
101.184466486	C1	265.51000681	4.6031249057
72.9491134076	C1	293.745359888	32.8384779841
80.4412448052	C1	286.25322849	25.3463465865
30.190734242	C1	336.503739054	75.5968571497
78.4188172897	C1	288.275656006	27.368774102
85.9396499352	C1	280.75482336	19.8479414565
90.308672073	C1	276.385801223	15.4789193187
109.513923962	C1	257.180549334	3.7263325703
100.594333245	C1	266.100140051	5.1932581467
119.488313849	C1	247.206159447	13.7007224573
85.4953014545	C1	281.199171841	20.2922899372
115.684759975	C1	251.009713321	9.8971685833
56.7410637299	C1	309.953409566	49.0465276618
21.7430887582	C1	344.951384537	84.0445026335
21.4956460991	C1	345.198827197	84.2919452926
84.1425247054	C1	282.55194859	21.6450666863
136.180016717	C1	230.514456579	30.3924253253
27.7762042566	C1	338.918269039	78.0113871351
-22.0178313554	C1	388.712304651	127.805422747
53.4242846968	C1	313.270188599	52.3633066949
43.6852448962	C1	323.009228399	62.1023464955
53.5248980699	C1	313.169575226	52.2626933218
113.910474413	C1	252.783998883	8.1228830213
140.110699583	C1	226.583773713	34.3231081913
106.807711725	C1	259.886761571	1.0201203333
78.474532205	C1	288.219941091	27.3130591867
152.967004724	C1	213.727468572	47.1794133323
79.5108093665	C1	287.183663929	26.2767820252
73.2065804201	C1	293.487892876	32.5810109716
123.074083088	C1	243.620390208	17.2864916963
87.2012560612	C1	279.493217234	18.5863353305
140.758189039	C1	225.936284257	34.9705976473
62.1971910031	C1	304.497282293	43.5904003886
78.1129417886	C1	288.581531507	27.6746496031
65.6756448635	C1	301.018828432	40.1119465282
71.4750963366	C1	295.219376959	34.3124950551
93.9784075845	C1	272.716065711	11.8091838072
108.038223342	C1	258.656249954	2.2506319503
62.5737886746	C1	304.120684621	43.2138027171
61.7312055681	C1	304.963267728	44.0563858236
146.730058556	C1	219.96441474	40.9424671643
79.8029387068	C1	286.891534589	25.9846526849
78.8376221843	C1	287.856851111	26.9499692074
54.3716872911	C1	312.322786005	51.4159041006
166.140365406	C1	200.55410789	60.3527740143
166.837083131	C1	199.857390165	61.0494917393
121.209677531	C1	245.484795765	15.4220861393
86.3532988369	C1	280.341174459	19.4342925548
127.960514725	C1	238.733958571	22.1729233333
123.108781709	C1	243.585691587	17.3211903173
101.128448834	C1	265.566024462	4.6591425577
52.3772718911	C1	314.317201405	53.4103195006
44.579393147	C1	322.115080149	61.2081982447
133.058940722	C1	233.635532574	27.2713493303
142.504263446	C1	224.19020985	36.7166720543
108.402186336	C1	258.29228696	2.6145949443
60.7465474675	C1	305.947925828	45.0410439242
75.740048833	C1	290.954424463	30.0475425587
68.8646486773	C1	297.829824618	36.9229427144
98.9324589111	C1	267.762014385	6.8551324806
128.855715174	C1	237.838758122	23.0681237823
104.257378598	C1	262.437094698	1.5302127937
127.602633462	C1	239.091839834	21.8150420703
18.2856552667	C1	348.408818029	87.501936125
72.7663770785	C1	293.928096217	33.0212143132
-7.10410719351	C1	373.798580489	112.891698585
146.997689054	C1	219.696784242	41.2100976623
51.3089169374	C1	315.385556358	54.4786744543
135.796661918	C1	230.897811378	30.0090705263
56.4367047515	C1	310.257768544	49.3508866402
102.25320655	C1	264.441266746	3.5343848417
-5.41772883604	C1	372.112202132	111.205320228
134.265002059	C1	232.429471237	28.4774106673
32.9671902898	C1	333.727283006	72.8204011019
124.909297	C1	241.785176296	19.1217056083
129.505318193	C1	237.189155103	23.7177268013
118.421542202	C1	248.272931094	12.6339508103
25.5850140794	C1	341.109459216	80.2025773123
143.243144646	C1	223.45132865	37.4555532543
163.097296049	C1	203.597177247	57.3097046573
118.959959315	C1	247.734513981	13.1723679233
129.056991826	C1	237.63748147	23.2694004343
34.2703893412	C1	332.424083954	71.5172020505
55.9325386449	C1	310.761934651	49.8550527468
29.9181167675	C1	336.776356528	75.8694746242
97.8977430017	C1	268.796730294	7.88984839
55.5921778082	C1	311.102295487	50.1954135835
159.566471951	C1	207.128001345	53.7788805593
16.2897881781	C1	350.404685118	89.4978032136
-11.5703670428	C1	378.264840338	117.357958434
44.3443881862	C1	322.350085109	61.4432032055
146.044412505	C1	220.650060791	40.2568211133
133.473774149	C1	233.220699147	27.6861827573
60.3931697912	C1	306.301303504	45.3944216005
162.192314901	C1	204.502158395	56.4047235093
41.768883281	C1	324.925590015	64.0187081107
142.925675642	C1	223.768797654	37.1380842503
109.952070058	C1	256.742403238	4.1644786663
81.9214635464	C1	284.773009749	23.8661278453
125.709419472	C1	240.985053824	19.9218280803
66.0023104012	C1	300.692162894	39.7852809905
83.0442909333	C1	283.650182362	22.7433004584
121.697425786	C1	244.99704751	15.9098343943
136.426813631	C1	230.267659665	30.6392222393
91.6161841567	C1	275.078289139	14.171407235
86.2768264786	C1	280.417646817	19.5107649131
54.2339283908	C1	312.460544905	51.5536630009
106.036006164	C1	260.658467132	0.248414772302
137.527239872	C1	229.167233424	31.7396484803
168.683049204	C1	198.011424092	62.8954578123
45.2441891985	C1	321.450284097	60.5434021932
178.143264069	C1	188.551209227	72.3556726773
160.704950266	C1	205.98952303	54.9173588743
151.339273159	C1	215.355200137	45.5516817673
118.498536121	C1	248.195937175	12.7109447293
81.2802810669	C1	285.414192229	24.5073103248
109.530797809	C1	257.163675487	3.7432064173
122.714743656	C1	243.97972964	16.9271522643
139.015976497	C1	227.678496799	33.2283851053
121.350912458	C1	245.343560838	15.5633210663
115.555906817	C1	251.138566479	9.7683154253
145.098964118	C1	221.595509178	39.3113727263
93.2419053648	C1	273.452567931	12.5456860269
104.53324088	C1	262.161232416	1.2543505117
111.614968145	C1	255.079505151	5.8273767533
104.973608705	C1	261.720864591	0.813982686698
148.016221955	C1	218.678251341	42.2286305633
77.8346419988	C1	288.859831297	27.9529493929
31.0493460995	C1	335.645127196	74.7382452922
29.8215912337	C1	336.872882062	75.966000158
16.9127530465	C1	349.781720249	88.8748383452
44.9846491951	C1	321.709824101	60.8029421966
113.474743024	C1	253.219730272	7.6871516323
70.7758670365	C1	295.918606259	35.0117243552
202.905266932	C1	163.789206364	97.1176755403
157.996238846	C1	208.69823445	52.2086474543
85.4900808206	C1	281.204392475	20.2975105711
157.206954127	C1	209.487519169	51.4193627353
96.7428729512	C1	269.951600344	9.0447184405
124.835059471	C1	241.859413825	19.0474680793
123.338149115	C1	243.356324181	17.5505577233
96.8391350638	C1	269.855338232	8.9484563279
136.429742302	C1	230.264730994	30.6421509103
47.7337966141	C1	318.960676682	58.0537947776
96.1380053823	C1	270.556467913	9.6495860094
15.4397434665	C1	351.254729829	90.3478479252
-12.9508529372	C1	379.645326233	118.738444329
35.0579383061	C1	331.63653499	70.7296530856
107.715615464	C1	258.978857832	1.9280240723
40.2489501566	C1	326.445523139	65.5386412351
22.2767636045	C1	344.417709691	83.5108277872
107.564069261	C1	259.130404035	1.7764778693
133.879468421	C1	232.815004875	28.0918770293
45.0590958552	C1	321.63537744	60.7284955365
97.7167996578	C1	268.977673638	8.0707917339
137.192303272	C1	229.502170024	31.4047118803
124.474060923	C1	242.220412373	18.6864695313
128.956309607	C1	237.738163689	23.1687182153
206.998960763	C1	159.695512533	101.211369371
81.3625551471	C1	285.331918149	24.4250362446
116.15663401	C1	250.537839286	10.3690426183
137.958158626	C1	228.73631467	32.1705672343
117.521226182	C1	249.173247114	11.7336347903
103.890509698	C1	262.803963598	1.8970816937
88.4883395295	C1	278.206133766	17.2992518622
122.379890289	C1	244.314583007	16.5922988973
98.940289097	C1	267.754184199	6.8473022947
63.4735454907	C1	303.220927805	42.314045901
167.183466357	C1	199.511006939	61.3958749653
59.3895376453	C1	307.30493565	46.3980537464
215.754786376	C1	150.93968692	109.967194984
115.08830857	C1	251.606164726	9.3007171783
80.5181302643	C1	286.176343031	25.2694611274
163.508349371	C1	203.186123925	57.7207579793
136.313547852	C1	230.380925444	30.5259564603
26.0116641037	C1	340.682809192	79.775927288
40.6431058238	C1	326.051367472	65.1444855679
10.1514550919	C1	356.543018204	95.6361362998
97.7317446086	C1	268.962728687	8.0558467831
160.621823572	C1	206.072649724	54.8342321803
29.7096700894	C1	336.984803206	76.0779213023
80.4277839334	C1	286.266689362	25.3598074583
86.2997299929	C1	280.394743303	19.4878613988
5.63873332999	C1	361.055739966	100.148858062
137.808984218	C1	228.885489078	32.0213928263
149.826301313	C1	216.868171983	44.0387099213
116.886463821	C1	249.808009475	11.0988724293
164.822460355	C1	201.872012941	59.0348689633
89.8923743145	C1	276.802098981	15.8952170772
25.8938254328	C1	340.800647863	79.8937659589
19.2752920171	C1	347.419181279	86.5122993746
192.731998554	C1	173.962474742	86.9444071623
16.265795121	C1	350.428678175	89.5217962707
161.663430147	C1	205.031043149	55.8758387553
-16.0102196761	C1	382.704692972	121.797811068
121.59352877	C1	245.100944526	15.8059373783
51.2071312011	C1	315.487342095	54.5804601906
162.036460877	C1	204.658012419	56.2488694853
120.42167061	C1	246.272802686	14.6340792183
49.6483471811	C1	317.046126115	56.1392442106
108.851216515	C1	257.843256781	3.0636251233
115.905455895	C1	250.789017401	10.1178645033
124.416093445	C1	242.278379851	18.6285020533
131.454754696	C1	235.2397186	25.6671633043
113.642346093	C1	253.052127203	7.8547547013
28.9526036249	C1	337.741869671	76.8349877668
86.7404412331	C1	279.954032063	19.0471501586
161.520129788	C1	205.174343508	55.7325383963
140.940328522	C1	225.754144774	35.1527371303
87.7967663855	C1	278.89770691	17.9908250062
110.196777271	C1	256.497696025	4.4091858793
94.107074583	C1	272.587398713	11.6805168087
210.811435486	C1	155.88303781	105.023844094
69.902536788	C1	296.791936508	35.8850546037
56.9037794067	C1	309.790693889	48.883811985
132.275235332	C1	234.419237964	26.4876439403
116.91946733	C1	249.775005966	11.1318759383
162.922664627	C1	203.771808669	57.1350732353
90.6811797464	C1	276.013293549	15.1064116453
52.5732247329	C1	314.121248563	53.2143666588
145.140110424	C1	221.554362872	39.3525190323
66.6306875045	C1	300.063785791	39.1569038872
165.956521729	C1	200.737951567	60.1689303373
52.5933239234	C1	314.101149372	53.1942674683
99.7894855082	C1	266.904987787	5.9981058835
123.606491443	C1	243.087981853	17.8189000513
102.156198229	C1	264.538275067	3.6313931627
98.6991359976	C1	267.995337298	7.0884553941
114.586586156	C1	252.10788714	8.7989947643
87.7783493005	C1	278.916123995	18.0092420912
115.565979451	C1	251.128493845	9.7783880593
124.069816778	C1	242.624656518	18.2822253863
81.0458531136	C1	285.648620182	24.7417382781

