426.182119006
380.735574809
377.091265478
370.052309819
354.390323619
285.083377547
453.511374614
378.800400985
301.343309178
369.353468503
330.288977625
210.721834002
321.884926099
303.386601939
277.783067004
400.489658672
261.916553662
327.49426715
152.724696717
546.546939736
323.536175501
325.247638963
433.999697242
356.233109077
398.64165037
282.804438432
441.566138215
417.342076911
351.445970664
347.471878569
318.154005404
350.154137237
479.302268021
228.156179122
263.736760182
429.848640217
402.511153513
422.648366677
436.579834331
389.261996527
337.876084507
218.313450734
290.567268023
397.117712243
284.209714855
363.319147001
449.089257927
330.467826603
444.896000294
481.343933067
306.603832084
302.778151086
611.517254515
397.639411454
374.498599386
424.695365513
231.498214838
370.712963337
530.765471132
261.074423577
423.173266773
534.737846942
177.321696116
410.850848274
346.090898357
401.985270227
394.96178478
434.334756373
353.177468347
448.228960538
329.208349962
234.280975276
378.235232151
378.957950951
241.980421862
410.403180086
130.764017365
206.537277584
289.038288775
534.416943262
284.152695017
242.713532595
414.233747356
126.920623111
425.340544689
475.714556047
333.7576091
230.13236753
387.390341052
267.494126397
339.811448485
454.830952841
263.162289735
429.351355725
375.00994789
274.977833178
538.695065364
301.805638221
560.652506956
250.026160461
374.463197275
319.904869255
416.556131595
250.806303681
172.590511551
321.602557924
300.115524253
468.414408197
419.645392841
411.211580474
308.720449904
319.28201758
427.641192466
160.977032811
358.436726251
345.964044994
536.845930133
472.075960791
286.897869002
339.446281492
296.388837765
369.764074612
259.208601849
237.537664961
467.305378843
342.091562886
331.442995032
314.664985609
468.619779106
301.561945684
344.549859473
220.221087471
479.734114171
129.551833945
354.377008781
440.120436511
241.107823995
440.859114367
408.087227131
440.959960983
337.741691437
321.987554915
462.828945878
412.307814991
258.910133745
373.293415678
387.841711848
314.549195947
332.046011233
377.190164135
285.093854977
530.410100302
310.312793372
330.342196675
434.812196247
432.903647962
255.646962799
343.225781801
435.476040586
261.030584804
391.463160614
448.746814123
285.006969728
389.580869801
352.672829237
271.722480124
321.701436806
241.865368718
161.86034639
374.81262014
393.870475068
523.038060891
270.714655379
358.215056351
360.525869893
434.663886254
277.59988183
358.033333332
226.090083083
208.795132128
354.841749284
193.633093082
341.01451066
345.203913383
459.004949822
479.900616929
287.570453181
453.594251227
320.47470139
323.639480321
359.253358555
433.137316378
362.399994218
250.325883443
364.846557236
284.198306608
256.429049981
388.029940688
294.365893284
356.84884031
487.148207324
280.515044272
249.547547501
165.886265875
267.37790779
425.411381019
286.743434449
567.133859495
300.148972267
537.907800221
447.3327367
303.967947022
377.479780967
324.479510162
432.711256977
420.03513307
413.380996226
380.297009283
399.745289235
244.551911828
306.351624435
258.549787312
169.593570294
253.035503799
275.054838759
394.307991946
359.773799433
289.533374069
318.276980824
265.490458414
373.706659599
476.633465057
245.550283282
292.065107929
387.330333534
442.374013999
236.393076572
371.995727453
415.851543164
391.313460135
252.53401158
396.600723376
298.292999025
467.844858159
241.864813955
337.712764485
350.995378897
354.3514547
324.700167744
404.350557599
426.258066083
398.015129157
464.677918455
292.441500962
328.131643631
430.267159738
445.699054239
320.529117775
403.217748135
342.157846675
544.91401813
368.504004399
460.618314733
383.218905306
578.596698938
487.554279086
173.138648775
408.733614154
440.554011396
51.7834592587
421.896969538
447.905684765
316.079486605
269.615864035
340.697336559
551.410459991
538.120285423
513.738951118
318.860339185
255.241228302
476.270336297
297.800880497
266.126489891
243.195254226
362.177178471
268.47850964
480.365337806
442.321211575
278.159214282
275.928760804
285.902605112
396.191407008
453.015859892
557.394663168
411.479289551
363.209319806
274.021590977
450.815486043
374.161912289
479.25785878
421.065830782
290.631169436
402.337657754
313.268234105
432.740988696
206.51241553
306.333169594
289.796052063
217.774846152
503.182560377
439.438629742
203.893084724
229.452649753
416.73515034
469.348432112
298.881991891
399.711490509
349.676288527
395.27046203
323.275638961
559.136292676
304.913196961
388.332345728
463.905459485
288.293540208
93.8250254194
311.728640487
104.005776737
297.869484274
422.340688763
363.517110121
272.559818147
306.257269659
318.345186278
223.005232782
439.628923096
258.669712354
349.898545983
387.126480475
137.600434866
268.784953858
156.564340579
419.975059352
278.829941522
293.566322785
411.131984478
275.98673446
285.925144967
224.822217238
227.525050155
209.814340023
286.610942259
401.092760125
319.626019918
378.081662893
264.000569722
323.349229654
492.020232085
250.027092514
320.183680879
358.482193847
301.962377488
382.937155789
314.452259405
180.431229326
439.734969802
459.050355914
437.277222411
420.568333708
202.027463499
282.541910613
195.829836675
359.353464872
445.269165368
351.272498113
201.005946657
342.564103225
356.253616352
311.995761878
387.436829121
450.373449987
326.969913445
252.272808607
323.456040005
295.484602852
335.383123691
324.696802609
349.522143281
449.481244328
202.201565769
375.43767929
476.497728593
327.157576114
309.605055768
393.200222571
325.37541777
450.382614378
324.245311478
494.529094234
100.601209796
246.454378749
302.794823684
456.576121173
287.150831816
521.923000185
301.084596622
526.384154223
506.301207459
328.135102824
435.360192341
361.38719542
218.778699838
234.485301695
392.75699601
281.893515485
304.4663351
262.614851386
309.949602186
428.305028548
270.674423377
315.583312422
371.934520791
356.880383929
315.268804815
451.328641894
353.952229733
335.609056695
361.693153196
168.797495458
232.710230803
296.947150509
270.940737509
388.648437703
248.640687474
517.967431622
211.246762266
345.650892262
336.922051853
247.122749759
391.164845338
417.662650677
346.844018438
427.401395795
438.170483112
305.470181409
520.984369721
321.193200274
381.773660164
344.379113217
314.678002881
359.618517209
317.907643982
453.69479471
418.0173663
433.06273952
225.170862473
240.845766313
492.494193639
251.682036374
295.647200731
158.985818326
396.988808925
308.009601061
445.01574088
295.377208766
491.095866131
443.067852576
369.685489763
243.957192387
434.27278056
195.845384933
298.138904673
367.57951299
492.029196707
564.140037628
458.506809319
156.802492471
329.867953558
362.598157519
241.947265047
249.813978368
215.223003863
353.374728525
323.017313498
280.762133581
485.852097016
277.700487589
390.694600413
290.562201545
434.912292856
355.810893611
438.760774336
495.954181065
236.944423733
443.275760635
410.48572444
261.523280746
248.654794982
305.687933865
397.159269257
85.1569947884
18.2765285191
105.789421619
76.6948475658
89.6434561992
146.25290663
58.5929779736
60.2923231266
33.4357497359
55.9038851722
132.220389428
63.4674027827
166.916486479
184.382567785
88.4084425325
97.6404175082
159.770731767
63.7578159495
168.004884505
71.6489474904
96.4323551538
155.727453859
149.287201296
20.0422649624
132.847237579
74.5256927497
145.637880939
135.916409257
28.5474914151
213.471169183
14.8296434612
142.290176121
42.2048782348
104.400282418
85.6750863973
137.374347323
138.834791567
43.535045522
9.2914749725
120.97615155
92.6500388281
85.2230858372
116.49238609
147.418484487
190.034918586
115.962244924
66.8113033273
69.0404867658
111.103500858
107.548311937
157.150036542
119.676579425
105.576754876
76.0022050707
89.1095805283
73.6033769022
69.9336269803
121.05252002
123.601686073
75.5175988711
148.650836854
113.221528479
101.76906402
25.9487350331
233.596543891
85.9346238067
61.5751095355
205.393233013
58.4843807323
89.9531858475
87.4558553821
106.423921228
70.1222584791
110.017948232
174.168431454
105.921191634
123.126321016
70.6432338166
49.3105455112
67.7986499794
99.353114551
49.7230789303
128.243683512
169.354709446
170.954707254
46.5552468451
141.04269978
82.7200219299
144.232190125
75.4843816714
94.6734531557
67.453744723
7.221321004
57.6958471575
151.390772618
82.6371098647
86.304475433
160.470252399
78.4159967212
3.27893385334
137.812370956
177.196695608
74.9406790197
174.360471374
69.9266392745
228.92297325
126.289313433
160.96696041
2.50873764118
146.156784016
42.816677643
134.112790321
41.7591790642
115.669387795
125.359873518
76.4213128307
137.437262723
133.214787025
118.676817146
67.1450649998
222.310881672
19.4893879888
42.8517835986
92.1250729912
91.6147911027
49.2907451074
176.933808772
131.272180778
75.1889731323
37.5139220398
198.240687233
87.7371632045
25.9287207813
74.4639752164
47.011731059
249.619188614
31.4899031015
57.3249881881
174.870152355
32.3379636882
80.7353895752
105.316435065
62.5909584356
116.146815464
125.849983264
50.3701663981
150.746102315
117.672223713
114.036873529
142.063989172
109.49751908
136.986707481
84.0017811297
104.583166923
20.2881800015
114.501016731
148.666157037
228.809949242
140.999318881
75.9576286493
101.331693426
77.5274951881
56.361973876
134.357234143
74.8532785716
53.0923982176
105.595266422
73.6130685132
46.470895573
136.983734185
-20.1848026474
159.25202817
143.763779077
52.4078582256
82.0572044226
139.451672992
97.9790607491
107.878380175
132.938977776
122.068449023
142.711891634
109.890878993
31.4283036993
103.791280273
1.14169724991
108.402283114
167.952827361
106.828771193
66.9923587221
223.228777627
81.7472972475
-3.77632868488
115.698180838
126.34163977
109.994278884
130.647195099
125.548837987
77.9516224194
153.887281143
88.5346439113
88.1323703116
97.7854523212
114.040039512
76.4273865239
67.9469781092
-41.3965375766
203.163844909
176.653337604
110.530807902
57.9508722759
103.503223158
160.668560915
152.081594805
175.388144308
54.236610148
47.1434953113
78.0033350091
0.376806886373
56.0667655204
175.982962303
173.334854053
168.843367446
33.5952711983
87.2947849042
152.347960587
-52.8177380864
144.15351829
101.197094472
127.894363203
194.234802098
58.2791362842
111.230672005
75.4423205959
79.323794515
68.3602755358
-12.1980015862
20.7168246613
90.5449808082
168.727304246
200.973755315
194.131337335
44.8786068044
119.099233345
112.00037769
99.5638945877
35.5340766178
134.565534448
16.7693904293
98.012533235
195.2936084
67.7052021516
80.0699689024
133.443666127
127.060738742
39.3857268964
15.220981861
34.9755297329
79.0424089463
127.840445271
71.6206011676
141.730299656
61.1652916614
138.34398822
58.5999661191
138.963920531
21.0520417998
-61.2481654513
101.184466486
72.9491134076
80.4412448052
30.190734242
78.4188172897
85.9396499352
90.308672073
109.513923962
100.594333245
119.488313849
85.4953014545
115.684759975
56.7410637299
21.7430887582
21.4956460991
84.1425247054
136.180016717
27.7762042566
-22.0178313554
53.4242846968
43.6852448962
53.5248980699
113.910474413
140.110699583
106.807711725
78.474532205
152.967004724
79.5108093665
73.2065804201
123.074083088
87.2012560612
140.758189039
62.1971910031
78.1129417886
65.6756448635
71.4750963366
93.9784075845
108.038223342
62.5737886746
61.7312055681
146.730058556
79.8029387068
78.8376221843
54.3716872911
166.140365406
166.837083131
121.209677531
86.3532988369
127.960514725
123.108781709
101.128448834
52.3772718911
44.579393147
133.058940722
142.504263446
108.402186336
60.7465474675
75.740048833
68.8646486773
98.9324589111
128.855715174
104.257378598
127.602633462
18.2856552667
72.7663770785
-7.10410719351
146.997689054
51.3089169374
135.796661918
56.4367047515
102.25320655
-5.41772883604
134.265002059
32.9671902898
124.909297
129.505318193
118.421542202
25.5850140794
143.243144646
163.097296049
118.959959315
129.056991826
34.2703893412
55.9325386449
29.9181167675
97.8977430017
55.5921778082
159.566471951
16.2897881781
-11.5703670428
44.3443881862
146.044412505
133.473774149
60.3931697912
162.192314901
41.768883281
142.925675642
109.952070058
81.9214635464
125.709419472
66.0023104012
83.0442909333
121.697425786
136.426813631
91.6161841567
86.2768264786
54.2339283908
106.036006164
137.527239872
168.683049204
45.2441891985
178.143264069
160.704950266
151.339273159
118.498536121
81.2802810669
109.530797809
122.714743656
139.015976497
121.350912458
115.555906817
145.098964118
93.2419053648
104.53324088
111.614968145
104.973608705
148.016221955
77.8346419988
31.0493460995
29.8215912337
16.9127530465
44.9846491951
113.474743024
70.7758670365
202.905266932
157.996238846
85.4900808206
157.206954127
96.7428729512
124.835059471
123.338149115
96.8391350638
136.429742302
47.7337966141
96.1380053823
15.4397434665
-12.9508529372
35.0579383061
107.715615464
40.2489501566
22.2767636045
107.564069261
133.879468421
45.0590958552
97.7167996578
137.192303272
124.474060923
128.956309607
206.998960763
81.3625551471
116.15663401
137.958158626
117.521226182
103.890509698
88.4883395295
122.379890289
98.940289097
63.4735454907
167.183466357
59.3895376453
215.754786376
115.08830857
80.5181302643
163.508349371
136.313547852
26.0116641037
40.6431058238
10.1514550919
97.7317446086
160.621823572
29.7096700894
80.4277839334
86.2997299929
5.63873332999
137.808984218
149.826301313
116.886463821
164.822460355
89.8923743145
25.8938254328
19.2752920171
192.731998554
16.265795121
161.663430147
-16.0102196761
121.59352877
51.2071312011
162.036460877
120.42167061
49.6483471811
108.851216515
115.905455895
124.416093445
131.454754696
113.642346093
28.9526036249
86.7404412331
161.520129788
140.940328522
87.7967663855
110.196777271
94.107074583
210.811435486
69.902536788
56.9037794067
132.275235332
116.91946733
162.922664627
90.6811797464
52.5732247329
145.140110424
66.6306875045
165.956521729
52.5933239234
99.7894855082
123.606491443
102.156198229
98.6991359976
114.586586156
87.7783493005
115.565979451
124.069816778
81.0458531136
