426.182119006	C1	320.160531777	59.1938475512
380.735574809	C1	274.71398758	13.7473033542
377.091265478	C1	271.069678249	10.1029940232
370.052309819	C1	264.03072259	3.06403836424
354.390323619	C1	248.36873639	12.5979478358
285.083377547	C1	179.061790318	81.9048939078
453.511374614	C1	347.489787385	86.5231031592
378.800400985	C1	272.778813756	11.8121295302
301.343309178	C1	195.321721949	65.6449622768
369.353468503	C1	263.331881274	2.36519704824
330.288977625	C1	224.267390396	36.6992938298
210.721834002	C0	104.700246773	156.266437453
321.884926099	C1	215.86333887	45.1033453558
303.386601939	C1	197.36501471	63.6016695158
277.783067004	C1	171.761479775	89.2052044508
400.489658672	C1	294.468071443	33.5013872172
261.916553662	C1	155.894966433	105.071717793
327.49426715	C1	221.472679921	39.4940043048
152.724696717	C0	46.7031094884	214.263574738
546.546939736	C1	440.525352507	179.558668281
323.536175501	C1	217.514588272	43.4520959538
325.247638963	C1	219.226051734	41.7406324918
433.999697242	C1	327.978110013	67.0114257872
356.233109077	C1	250.211521848	10.7551623778
398.64165037	C1	292.620063141	31.6533789152
282.804438432	C1	176.782851203	84.1838330228
441.566138215	C1	335.544550986	74.5778667602
417.342076911	C1	311.320489682	50.3538054562
351.445970664	C1	245.424383435	15.5423007908
347.471878569	C1	241.45029134	19.5163928858
318.154005404	C1	212.132418175	48.8342660508
350.154137237	C1	244.132550008	16.8341342178
479.302268021	C1	373.280680792	112.313996566
228.156179122	C0	122.134591893	138.832092333
263.736760182	C1	157.715172953	103.251511273
429.848640217	C1	323.827052988	62.8603687622
402.511153513	C1	296.489566284	35.5228820582
422.648366677	C1	316.626779448	55.6600952222
436.579834331	C1	330.558247102	69.5915628762
389.261996527	C1	283.240409298	22.2737250722
337.876084507	C1	231.854497278	29.1121869478
218.313450734	C0	112.291863505	148.674820721
290.567268023	C1	184.545680794	76.4210034318
397.117712243	C1	291.096125014	30.1294407882
284.209714855	C1	178.188127626	82.7785565998
363.319147001	C1	257.297559772	3.66912445376
449.089257927	C1	343.067670698	82.1009864722
330.467826603	C1	224.446239374	36.5204448518
444.896000294	C1	338.874413065	77.9077288392
481.343933067	C1	375.322345838	114.355661612
306.603832084	C1	200.582244855	60.3844393708
302.778151086	C1	196.756563857	64.2101203688
611.517254515	C1	505.495667286	244.52898306
397.639411454	C1	291.617824225	30.6511399992
374.498599386	C1	268.477012157	7.51032793124
424.695365513	C1	318.673778284	57.7070940582
231.498214838	C0	125.476627609	135.490056617
370.712963337	C1	264.691376108	3.72469188224
530.765471132	C1	424.743883903	163.777199677
261.074423577	C1	155.052836348	105.913847878
423.173266773	C1	317.151679544	56.1849953182
534.737846942	C1	428.716259713	167.749575487
177.321696116	C0	71.3001088874	189.666575339
410.850848274	C1	304.829261045	43.8625768192
346.090898357	C1	240.069311128	20.8973730978
401.985270227	C1	295.963682998	34.9969987722
394.96178478	C1	288.940197551	27.9735133252
434.334756373	C1	328.313169144	67.3464849182
353.177468347	C1	247.155881118	13.8108031078
448.228960538	C1	342.207373309	81.2406890832
329.208349962	C1	223.186762733	37.7799214928
234.280975276	C0	128.259388047	132.707296179
378.235232151	C1	272.213644922	11.2469606962
378.957950951	C1	272.936363722	11.9696794962
241.980421862	C1	135.958834633	125.007849593
410.403180086	C1	304.381592857	43.4149086312
130.764017365	C0	24.7424301364	236.22425409
206.537277584	C0	100.515690355	160.450993871
289.038288775	C1	183.016701546	77.9499826798
534.416943262	C1	428.395356033	167.428671807
284.152695017	C1	178.131107788	82.8355764378
242.713532595	C1	136.691945366	124.27473886
414.233747356	C1	308.212160127	47.2454759012
126.920623111	C0	20.8990358824	240.067648344
425.340544689	C1	319.31895746	58.3522732342
475.714556047	C1	369.692968818	108.726284592
333.7576091	C1	227.736021871	33.2306623548
230.13236753	C0	124.110780301	136.855903925
387.390341052	C1	281.368753823	20.4020695972
267.494126397	C1	161.472539168	99.4941450578
339.811448485	C1	233.789861256	27.1768229698
454.830952841	C1	348.809365612	87.8426813862
263.162289735	C1	157.140702506	103.82598172
429.351355725	C1	323.329768496	62.3630842702
375.00994789	C1	268.988360661	8.02167643524
274.977833178	C1	168.956245949	92.0104382768
538.695065364	C1	432.673478135	171.706793909
301.805638221	C1	195.784050992	65.1826332338
560.652506956	C1	454.630919727	193.664235501
250.026160461	C1	144.004573232	116.962110994
374.463197275	C1	268.441610046	7.47492582024
319.904869255	C1	213.883282026	47.0834021998
416.556131595	C1	310.534544366	49.5678601402
250.806303681	C1	144.784716452	116.181967774
172.590511551	C0	66.5689243224	194.397759904
321.602557924	C1	215.580970695	45.3857135308
300.115524253	C1	194.093937024	66.8727472018
468.414408197	C1	362.392820968	101.426136742
419.645392841	C1	313.623805612	52.6571213862
411.211580474	C1	305.189993245	44.2233090192
308.720449904	C1	202.698862675	58.2678215508
319.28201758	C1	213.260430351	47.7062538748
427.641192466	C1	321.619605237	60.6529210112
160.977032811	C0	54.9554455824	206.011238644
358.436726251	C1	252.415139022	8.55154520376
345.964044994	C1	239.942457765	21.0242264608
536.845930133	C1	430.824342904	169.857658678
472.075960791	C1	366.054373562	105.087689336
286.897869002	C1	180.876281773	80.0904024528
339.446281492	C1	233.424694263	27.5419899628
296.388837765	C1	190.367250536	70.5994336898
369.764074612	C1	263.742487383	2.77580315724
259.208601849	C1	153.18701462	107.779669606
237.537664961	C1	131.516077732	129.450606494
467.305378843	C1	361.283791614	100.317107388
342.091562886	C1	236.069975657	24.8967085688
331.442995032	C1	225.421407803	35.5452764228
314.664985609	C1	208.64339838	52.3232858458
468.619779106	C1	362.598191877	101.631507651
301.561945684	C1	195.540358455	65.4263257708
344.549859473	C1	238.528272244	22.4384119818
220.221087471	C0	114.199500242	146.767183984
479.734114171	C1	373.712526942	112.745842716
129.551833945	C0	23.5302467164	237.43643751
354.377008781	C1	248.355421552	12.6112626738
440.120436511	C1	334.098849282	73.1321650562
241.107823995	C1	135.086236766	125.88044746
440.859114367	C1	334.837527138	73.8708429122
408.087227131	C1	302.065639902	41.0989556762
440.959960983	C1	334.938373754	73.9716895282
337.741691437	C1	231.720104208	29.2465800178
321.987554915	C1	215.965967686	45.0007165398
462.828945878	C1	356.807358649	95.8406744232
412.307814991	C1	306.286227762	45.3195435362
258.910133745	C1	152.888546516	108.07813771
373.293415678	C1	267.271828449	6.30514422324
387.841711848	C1	281.820124619	20.8534403932
314.549195947	C1	208.527608718	52.4390755078
332.046011233	C1	226.024424004	34.9422602218
377.190164135	C1	271.168576906	10.2018926802
285.093854977	C1	179.072267748	81.8944164778
530.410100302	C1	424.388513073	163.421828847
310.312793372	C1	204.291206143	56.6754780828
330.342196675	C1	224.320609446	36.6460747798
434.812196247	C1	328.790609018	67.8239247922
432.903647962	C1	326.882060733	65.9153765072
255.646962799	C1	149.62537557	111.341308656
343.225781801	C1	237.204194572	23.7624896538
435.476040586	C1	329.454453357	68.4877691312
261.030584804	C1	155.008997575	105.957686651
391.463160614	C1	285.441573385	24.4748891592
448.746814123	C1	342.725226894	81.7585426682
285.006969728	C1	178.985382499	81.9813017268
389.580869801	C1	283.559282572	22.5925983462
352.672829237	C1	246.651242008	14.3154422178
271.722480124	C1	165.700892895	95.2657913308
321.701436806	C1	215.679849577	45.2868346488
241.865368718	C1	135.843781489	125.122902737
161.86034639	C0	55.8387591614	205.127925065
374.81262014	C1	268.791032911	7.82434868524
393.870475068	C1	287.848887839	26.8822036132
523.038060891	C1	417.016473662	156.049789436
270.714655379	C1	164.69306815	96.2736160758
358.215056351	C1	252.193469122	8.77321510376
360.525869893	C1	254.504282664	6.46240156176
434.663886254	C1	328.642299025	67.6756147992
277.59988183	C1	171.578294601	89.3883896248
358.033333332	C1	252.011746103	8.95493812276
226.090083083	C0	120.068495854	140.898188372
208.795132128	C0	102.773544899	158.193139327
354.841749284	C1	248.820162055	12.1465221708
193.633093082	C0	87.6115058534	173.355178373
341.01451066	C1	234.992923431	25.9737607948
345.203913383	C1	239.182326154	21.7843580718
459.004949822	C1	352.983362593	92.0166783672
479.900616929	C1	373.8790297	112.912345474
287.570453181	C1	181.548865952	79.4178182738
453.594251227	C1	347.572663998	86.6059797722
320.47470139	C1	214.453114161	46.5135700648
323.639480321	C1	217.617893092	43.3487911338
359.253358555	C1	253.231771326	7.73491289976
433.137316378	C1	327.115729149	66.1490449232
362.399994218	C1	256.378406989	4.58827723676
250.325883443	C1	144.304296214	116.662388012
364.846557236	C1	258.824970007	2.14171421876
284.198306608	C1	178.176719379	82.7899648468
256.429049981	C1	150.407462752	110.559221474
388.029940688	C1	282.008353459	21.0416692332
294.365893284	C1	188.344306055	72.6223781708
356.84884031	C1	250.827253081	10.1394311448
487.148207324	C1	381.126620095	120.159935869
280.515044272	C1	174.493457043	86.4732271828
249.547547501	C1	143.525960272	117.440723954
165.886265875	C0	59.8646786464	201.10200558
267.37790779	C1	161.356320561	99.6103636648
425.411381019	C1	319.38979379	58.4231095642
286.743434449	C1	180.72184722	80.2448370058
567.133859495	C1	461.112272266	200.14558804
300.148972267	C1	194.127385038	66.8392991878
537.907800221	C1	431.886212992	170.919528766
447.3327367	C1	341.311149471	80.3444652452
303.967947022	C1	197.946359793	63.0203244328
377.479780967	C1	271.458193738	10.4915095122
324.479510162	C1	218.457922933	42.5087612928
432.711256977	C1	326.689669748	65.7229855222
420.03513307	C1	314.013545841	53.0468616152
413.380996226	C1	307.359408997	46.3927247712
380.297009283	C1	274.275422054	13.3087378282
399.745289235	C1	293.723702006	32.7570177802
244.551911828	C1	138.530324599	122.436359627
306.351624435	C1	200.330037206	60.6366470198
258.549787312	C1	152.528200083	108.438484143
169.593570294	C0	63.5719830654	197.394701161
253.035503799	C1	147.01391657	113.952767656
275.054838759	C1	169.03325153	91.9334326958
394.307991946	C1	288.286404717	27.3197204912
359.773799433	C1	253.752212204	7.21447202176
289.533374069	C1	183.51178684	77.4548973858
318.276980824	C1	212.255393595	48.7112906308
265.490458414	C1	159.468871185	101.497813041
373.706659599	C1	267.68507237	6.71838814424
476.633465057	C1	370.611877828	109.645193602
245.550283282	C1	139.528696053	121.437988173
292.065107929	C1	186.0435207	74.9231635258
387.330333534	C1	281.308746305	20.3420620792
442.374013999	C1	336.35242677	75.3857425442
236.393076572	C0	130.371489343	130.595194883
371.995727453	C1	265.974140224	5.00745599824
415.851543164	C1	309.829955935	48.8632717092
391.313460135	C1	285.291872906	24.3251886802
252.53401158	C1	146.512424351	114.454259875
396.600723376	C1	290.579136147	29.6124519212
298.292999025	C1	192.271411796	68.6952724298
467.844858159	C1	361.82327093	100.856586704
241.864813955	C1	135.843226726	125.1234575
337.712764485	C1	231.691177256	29.2755069698
350.995378897	C1	244.973791668	15.9928925578
354.3514547	C1	248.329867471	12.6368167548
324.700167744	C1	218.678580515	42.2881037108
404.350557599	C1	298.32897037	37.3622861442
426.258066083	C1	320.236478854	59.2697946282
398.015129157	C1	291.993541928	31.0268577022
464.677918455	C1	358.656331226	97.6896470002
292.441500962	C1	186.419913733	74.5467704928
328.131643631	C1	222.110056402	38.8566278238
430.267159738	C1	324.245572509	63.2788882832
445.699054239	C1	339.67746701	78.7107827842
320.529117775	C1	214.507530546	46.4591536798
403.217748135	C1	297.196160906	36.2294766802
342.157846675	C1	236.136259446	24.8304247798
544.91401813	C1	438.892430901	177.925746675
368.504004399	C1	262.48241717	1.51573294424
460.618314733	C1	354.596727504	93.6300432782
383.218905306	C1	277.197318077	16.2306338512
578.596698938	C1	472.575111709	211.608427483
487.554279086	C1	381.532691857	120.566007631
173.138648775	C0	67.1170615464	193.84962268
408.733614154	C1	302.712026925	41.7453426992
440.554011396	C1	334.532424167	73.5657399412
51.7834592587	C0	54.2381279699	315.204812196
421.896969538	C1	315.875382309	54.9086980832
447.905684765	C1	341.884097536	80.9174133102
316.079486605	C1	210.057899376	50.9087848498
269.615864035	C1	163.594276806	97.3724074198
340.697336559	C1	234.67574933	26.2909348958
551.410459991	C1	445.388872762	184.422188536
538.120285423	C1	432.098698194	171.132013968
513.738951118	C1	407.717363889	146.750679663
318.860339185	C1	212.838751956	48.1279322698
255.241228302	C1	149.219641073	111.747043153
476.270336297	C1	370.248749068	109.282064842
297.800880497	C1	191.779293268	69.1873909578
266.126489891	C1	160.104902662	100.861781564
243.195254226	C1	137.173666997	123.793017229
362.177178471	C1	256.155591242	4.81109298376
268.47850964	C1	162.456922411	98.5097618148
480.365337806	C1	374.343750577	113.377066351
442.321211575	C1	336.299624346	75.3329401202
278.159214282	C1	172.137627053	88.8290571728
275.928760804	C1	169.907173575	91.0595106508
285.902605112	C1	179.881017883	81.0856663428
396.191407008	C1	290.169819779	29.2031355532
453.015859892	C1	346.994272663	86.0275884372
557.394663168	C1	451.373075939	190.406391713
411.479289551	C1	305.457702322	44.4910180962
363.209319806	C1	257.187732577	3.77895164876
274.021590977	C1	168.000003748	92.9666804778
450.815486043	C1	344.793898814	83.8272145882
374.161912289	C1	268.14032506	7.17364083424
479.25785878	C1	373.236271551	112.269587325
421.065830782	C1	315.044243553	54.0775593272
290.631169436	C1	184.609582207	76.3571020188
402.337657754	C1	296.316070525	35.3493862992
313.268234105	C1	207.246646876	53.7200373498
432.740988696	C1	326.719401467	65.7527172412
206.51241553	C0	100.490828301	160.475855925
306.333169594	C1	200.311582365	60.6551018608
289.796052063	C1	183.774464834	77.1922193918
217.774846152	C0	111.753258923	149.213425303
503.182560377	C1	397.160973148	136.194288922
439.438629742	C1	333.417042513	72.4503582872
203.893084724	C0	97.8714974954	163.095186731
229.452649753	C0	123.431062524	137.535621702
416.73515034	C1	310.713563111	49.7468788852
469.348432112	C1	363.326844883	102.360160657
298.881991891	C1	192.860404662	68.1062795638
399.711490509	C1	293.68990328	32.7232190542
349.676288527	C1	243.654701298	17.3119829278
395.27046203	C1	289.248874801	28.2821905752
323.275638961	C1	217.254051732	43.7126324938
559.136292676	C1	453.114705447	192.148021221
304.913196961	C1	198.891609732	62.0750744938
388.332345728	C1	282.310758499	21.3440742732
463.905459485	C1	357.883872256	96.9171880302
288.293540208	C1	182.271952979	78.6947312468
93.8250254194	C0	12.1965618092	273.163246035
311.728640487	C1	205.707053258	55.2596309678
104.005776737	C0	2.01581049161	262.982494718
297.869484274	C1	191.847897045	69.1187871808
422.340688763	C1	316.319101534	55.3524173082
363.517110121	C1	257.495522892	3.47116133376
272.559818147	C1	166.538230918	94.4284533078
306.257269659	C1	200.23568243	60.7310017958
318.345186278	C1	212.323599049	48.6430851768
223.005232782	C0	116.983645553	143.983038673
439.628923096	C1	333.607335867	72.6406516412
258.669712354	C1	152.648125125	108.318559101
349.898545983	C1	243.876958754	17.0897254718
387.126480475	C1	281.104893246	20.1382090202
137.600434866	C0	31.5788476374	229.387836589
268.784953858	C1	162.763366629	98.2033175968
156.564340579	C0	50.5427533504	210.423930876
419.975059352	C1	313.953472123	52.9867878972
278.829941522	C1	172.808354293	88.1583299328
293.566322785	C1	187.544735556	73.4219486698
411.131984478	C1	305.110397249	44.1437130232
275.98673446	C1	169.965147231	91.0015369948
285.925144967	C1	179.903557738	81.0631264878
224.822217238	C0	118.800630009	142.166054217
227.525050155	C0	121.503462926	139.4632213
209.814340023	C0	103.792752794	157.173931432
286.610942259	C1	180.58935503	80.3773291958
401.092760125	C1	295.071172896	34.1044886702
319.626019918	C1	213.604432689	47.3622515368
378.081662893	C1	272.060075664	11.0933914382
264.000569722	C1	157.978982493	102.987701733
323.349229654	C1	217.327642425	43.6390418008
492.020232085	C1	385.998644856	125.03196063
250.027092514	C1	144.005505285	116.961178941
320.183680879	C1	214.16209365	46.8045905758
358.482193847	C1	252.460606618	8.50607760776
301.962377488	C1	195.940790259	65.0258939668
382.937155789	C1	276.91556856	15.9488843342
314.452259405	C1	208.430672176	52.5360120498
180.431229326	C0	74.4096420974	186.557042129
439.734969802	C1	333.713382573	72.7466983472
459.050355914	C1	353.028768685	92.0620844592
437.277222411	C1	331.255635182	70.2889509562
420.568333708	C1	314.546746479	53.5800622532
202.027463499	C0	96.0058762704	164.960807956
282.541910613	C1	176.520323384	84.4463608418
195.829836675	C0	89.8082494464	171.15843478
359.353464872	C1	253.331877643	7.63480658276
445.269165368	C1	339.247578139	78.2808939132
351.272498113	C1	245.250910884	15.7157733418
201.005946657	C0	94.9843594284	165.982324798
342.564103225	C1	236.542515996	24.4241682298
356.253616352	C1	250.232029123	10.7346551028
311.995761878	C1	205.974174649	54.9925095768
387.436829121	C1	281.415241892	20.4485576662
450.373449987	C1	344.351862758	83.3851785322
326.969913445	C1	220.948326216	40.0183580098
252.272808607	C1	146.251221378	114.715462848
323.456040005	C1	217.434452776	43.5322314498
295.484602852	C1	189.463015623	71.5036686028
335.383123691	C1	229.361536462	31.6051477638
324.696802609	C1	218.67521538	42.2914688458
349.522143281	C1	243.500556052	17.4661281738
449.481244328	C1	343.459657099	82.4929728732
202.201565769	C0	96.1799785404	164.786705686
375.43767929	C1	269.416092061	8.44940783524
476.497728593	C1	370.476141364	109.509457138
327.157576114	C1	221.135988885	39.8306953408
309.605055768	C1	203.583468539	57.3832156868
393.200222571	C1	287.178635342	26.2119511162
325.37541777	C1	219.353830541	41.6128536848
450.382614378	C1	344.361027149	83.3943429232
324.245311478	C1	218.223724249	42.7429599768
494.529094234	C1	388.507507005	127.540822779
100.601209796	C0	5.42037743261	266.387061659
246.454378749	C1	140.43279152	120.533892706
302.794823684	C1	196.773236455	64.1934477708
456.576121173	C1	350.554533944	89.5878497182
287.150831816	C1	181.129244587	79.8374396388
521.923000185	C1	415.901412956	154.93472873
301.084596622	C1	195.063009393	65.9036748328
526.384154223	C1	420.362566994	159.395882768
506.301207459	C1	400.27962023	139.312936004
328.135102824	C1	222.113515595	38.8531686308
435.360192341	C1	329.338605112	68.3719208862
361.38719542	C1	255.365608191	5.60107603476
218.778699838	C0	112.757112609	148.209571617
234.485301695	C0	128.463714466	132.50296976
392.75699601	C1	286.735408781	25.7687245552
281.893515485	C1	175.871928256	85.0947559698
304.4663351	C1	198.444747871	62.5219363548
262.614851386	C1	156.593264157	104.373420069
309.949602186	C1	203.928014957	57.0386692688
428.305028548	C1	322.283441319	61.3167570932
270.674423377	C1	164.652836148	96.3138480778
315.583312422	C1	209.561725193	51.4049590328
371.934520791	C1	265.912933562	4.94624933624
356.880383929	C1	250.8587967	10.1078875258
315.268804815	C1	209.247217586	51.7194666398
451.328641894	C1	345.307054665	84.3403704392
353.952229733	C1	247.930642504	13.0360417218
335.609056695	C1	229.587469466	31.3792147598
361.693153196	C1	255.671565967	5.29511825876
168.797495458	C0	62.7759082294	198.190775997
232.710230803	C0	126.688643574	134.278040652
296.947150509	C1	190.92556328	70.0411209458
270.940737509	C1	164.91915028	96.0475339458
388.648437703	C1	282.626850474	21.6601662482
248.640687474	C1	142.619100245	118.347583981
517.967431622	C1	411.945844393	150.979160167
211.246762266	C0	105.225175037	155.741509189
345.650892262	C1	239.629305033	21.3373791928
336.922051853	C1	230.900464624	30.0662196018
247.122749759	C1	141.10116253	119.865521696
391.164845338	C1	285.143258109	24.1765738832
417.662650677	C1	311.641063448	50.6743792222
346.844018438	C1	240.822431209	20.1442530168
427.401395795	C1	321.379808566	60.4131243402
438.170483112	C1	332.148895883	71.1822116572
305.470181409	C1	199.44859418	61.5180900458
520.984369721	C1	414.962782492	153.996098266
321.193200274	C1	215.171613045	45.7950711808
381.773660164	C1	275.752072935	14.7853887092
344.379113217	C1	238.357525988	22.6091582378
314.678002881	C1	208.656415652	52.3102685738
359.618517209	C1	253.59692998	7.36975424576
317.907643982	C1	211.886056753	49.0806274728
453.69479471	C1	347.673207481	86.7065232552
418.0173663	C1	311.995779071	51.0290948452
433.06273952	C1	327.041152291	66.0744680652
225.170862473	C0	119.149275244	141.817408982
240.845766313	C1	134.824179084	126.142505142
492.494193639	C1	386.47260641	125.505922184
251.682036374	C1	145.660449145	115.306235081
295.647200731	C1	189.625613502	71.3410707238
158.985818326	C0	52.9642310974	208.002453129
396.988808925	C1	290.967221696	30.0005374702
308.009601061	C1	201.988013832	58.9786703938
445.01574088	C1	338.994153651	78.0274694252
295.377208766	C1	189.355621537	71.6110626888
491.095866131	C1	385.074278902	124.107594676
443.067852576	C1	337.046265347	76.0795811212
369.685489763	C1	263.663902534	2.69721830824
243.957192387	C1	137.935605158	123.031079068
434.27278056	C1	328.251193331	67.2845091052
195.845384933	C0	89.8237977044	171.142886522
298.138904673	C1	192.117317444	68.8493667818
367.57951299	C1	261.557925761	0.591241535238
492.029196707	C1	386.007609478	125.040925252
564.140037628	C1	458.118450399	197.151766173
458.506809319	C1	352.48522209	91.5185378642
156.802492471	C0	50.7809052424	210.185778984
329.867953558	C1	223.846366329	37.1203178968
362.598157519	C1	256.57657029	4.39011393576
241.947265047	C1	135.925677818	125.041006408
249.813978368	C1	143.792391139	117.174293087
215.223003863	C0	109.201416634	151.765267592
353.374728525	C1	247.353141296	13.6135429298
323.017313498	C1	216.995726269	43.9709579568
280.762133581	C1	174.740546352	86.2261378738
485.852097016	C1	379.830509787	118.863825561
277.700487589	C1	171.67890036	89.2877838658
390.694600413	C1	284.673013184	23.7063289582
290.562201545	C1	184.540614316	76.4260699098
434.912292856	C1	328.890705627	67.9240214012
355.810893611	C1	249.789306382	11.1773778438
438.760774336	C1	332.739187107	71.7725028812
495.954181065	C1	389.932593836	128.96590961
236.944423733	C1	130.922836504	130.043847722
443.275760635	C1	337.254173406	76.2874891802
410.48572444	C1	304.464137211	43.4974529852
261.523280746	C1	155.501693517	105.464990709
248.654794982	C1	142.633207753	118.333476473
305.687933865	C1	199.666346636	61.3003375898
397.159269257	C1	291.137682028	30.1709978022
85.1569947884	C0	20.8645924402	281.831276666
18.2765285191	C0	87.7450587095	348.711742936
105.789421619	C0	0.232165609613	261.198849836
76.6948475658	C0	29.3267396628	290.293423889
89.6434561992	C0	16.3781310294	277.344815256
146.25290663	C0	40.2313194014	220.735364825
58.5929779736	C0	47.428609255	308.395293481
60.2923231266	C0	45.729264102	306.695948328
33.4357497359	C0	72.5858374927	333.552521719
55.9038851722	C0	50.1177020564	311.084386283
132.220389428	C0	26.1988021994	234.767882027
63.4674027827	C0	42.5541844459	303.520868672
166.916486479	C0	60.8948992504	200.071784976
184.382567785	C0	78.3609805564	182.60570367
88.4084425325	C0	17.6131446961	278.579828922
97.6404175082	C0	8.38116972041	269.347853947
159.770731767	C0	53.7491445384	207.217539688
63.7578159495	C0	42.2637712791	303.230455505
168.004884505	C0	61.9832972764	198.98338695
71.6489474904	C0	34.3726397382	295.339323964
96.4323551538	C0	9.58923207481	270.555916301
155.727453859	C0	49.7058666304	211.260817596
149.287201296	C0	43.2656140674	217.701070159
20.0422649624	C0	85.9793222662	346.946006492
132.847237579	C0	26.8256503504	234.141033876
74.5256927497	C0	31.4958944789	292.462578705
145.637880939	C0	39.6162937104	221.350390516
135.916409257	C0	29.8948220284	231.071862198
28.5474914151	C0	77.4740958135	338.44078004
213.471169183	C0	107.449581954	153.517102272
14.8296434612	C0	91.1919437674	352.158627994
142.290176121	C0	36.2685888924	224.698095334
42.2048782348	C0	63.8167089938	324.78339322
104.400282418	C0	1.62130481061	262.587989037
85.6750863973	C0	20.3465008313	281.313185057
137.374347323	C0	31.3527600944	229.613924132
138.834791567	C0	32.8132043384	228.153479888
43.535045522	C0	62.4865417066	323.453225933
9.2914749725	C0	96.7301122561	357.696796482
120.97615155	C0	14.9545643214	246.012119905
92.6500388281	C0	13.3715484005	274.338232627
85.2230858372	C0	20.7985013914	281.765185618
116.49238609	C0	10.4707988614	250.495885365
147.418484487	C0	41.3968972584	219.569786968
190.034918586	C0	84.0133313574	176.953352869
115.962244924	C0	9.94065769539	251.026026531
66.8113033273	C0	39.2102839013	300.176968127
69.0404867658	C0	36.9811004628	297.947784689
111.103500858	C0	5.08191362939	255.884770597
107.548311937	C0	1.52672470839	259.439959518
157.150036542	C0	51.1284493134	209.838234913
119.676579425	C0	13.6549921964	247.31169203
105.576754876	C0	0.444832352613	261.411516579
76.0022050707	C0	30.0193821579	290.986066384
89.1095805283	C0	16.9120067003	277.878690926
73.6033769022	C0	32.4182103264	293.384894553
69.9336269803	C0	36.0879602483	297.054644474
121.05252002	C0	15.0309327914	245.935751435
123.601686073	C0	17.5800988444	243.386585382
75.5175988711	C0	30.5039883575	291.470672584
148.650836854	C0	42.6292496254	218.337434601
113.221528479	C0	7.19994125039	253.766742976
101.76906402	C0	4.25252320861	265.219207435
25.9487350331	C0	80.0728521955	341.039536422
233.596543891	C0	127.574956662	133.391727564
85.9346238067	C0	20.0869634219	281.053647648
61.5751095355	C0	44.4464776931	305.413161919
205.393233013	C0	99.3716457844	161.595038442
58.4843807323	C0	47.5372064963	308.503890722
89.9531858475	C0	16.0684013811	277.035085607
87.4558553821	C0	18.5657318465	279.532416073
106.423921228	C0	0.402333999387	260.564350227
70.1222584791	C0	35.8993287495	296.866012976
110.017948232	C0	3.99636100339	256.970323223
174.168431454	C0	68.1468442254	192.819840001
105.921191634	C0	0.100395594613	261.067079821
123.126321016	C0	17.1047337874	243.861950439
70.6432338166	C0	35.378353412	296.345037638
49.3105455112	C0	56.7110417174	317.677725944
67.7986499794	C0	38.2229372492	299.189621475
99.353114551	C0	6.66847267761	267.635156904
49.7230789303	C0	56.2985082983	317.265192524
128.243683512	C0	22.2220962834	238.744587943
169.354709446	C0	63.3331222174	197.633562009
170.954707254	C0	64.9331200254	196.033564201
46.5552468451	C0	59.4663403835	320.43302461
141.04269978	C0	35.0211125514	225.945571675
82.7200219299	C0	23.3015652987	284.268249525
144.232190125	C0	38.2106028964	222.75608133
75.4843816714	C0	30.5372055572	291.503889783
94.6734531557	C0	11.3481340729	272.314818299
67.453744723	C0	38.5678425056	299.534526732
7.221321004	C0	98.8002662246	359.766950451
57.6958471575	C0	48.3257400711	309.292424297
151.390772618	C0	45.3691853894	215.597498837
82.6371098647	C0	23.3844773639	284.35116159
86.304475433	C0	19.7171117956	280.683796022
160.470252399	C0	54.4486651704	206.518019056
78.4159967212	C0	27.6055905074	288.572274734
3.27893385334	C0	102.742653375	363.709337601
137.812370956	C0	31.7907837274	229.175900499
177.196695608	C0	71.1751083794	189.791575847
74.9406790197	C0	31.0809082089	292.047592435
174.360471374	C0	68.3388841454	192.627800081
69.9266392745	C0	36.0949479541	297.06163218
228.92297325	C0	122.901386021	138.065298205
126.289313433	C0	20.2677262044	240.698958022
160.96696041	C0	54.9453731814	206.021311045
2.50873764118	C0	103.512849587	364.479533814
146.156784016	C0	40.1351967874	220.831487439
42.816677643	C0	63.2049095856	324.171593812
134.112790321	C0	28.0912030924	232.875481134
41.7591790642	C0	64.2624081644	325.229092391
115.669387795	C0	9.64780056639	251.31888366
125.359873518	C0	19.3382862894	241.628397937
76.4213128307	C0	29.6002743979	290.566958624
137.437262723	C0	31.4156754944	229.551008732
133.214787025	C0	27.1931997964	233.77348443
118.676817146	C0	12.6552299174	248.311454309
67.1450649998	C0	38.8765222288	299.843206455
222.310881672	C0	116.289294443	144.677389783
19.4893879888	C0	86.5321992398	347.498883466
42.8517835986	C0	63.16980363	324.136487856
92.1250729912	C0	13.8965142374	274.863198464
91.6147911027	C0	14.4067961259	275.373480352
49.2907451074	C0	56.7308421212	317.697526347
176.933808772	C0	70.9122215434	190.054462683
131.272180778	C0	25.2505935494	235.716090677
75.1889731323	C0	30.8326140963	291.799298322
37.5139220398	C0	68.5076651888	329.474349415
198.240687233	C0	92.2191000044	168.747584222
87.7371632045	C0	18.2844240241	279.25110825
25.9287207813	C0	80.0928664473	341.059550673
74.4639752164	C0	31.5576120122	292.524296238
47.011731059	C0	59.0098561696	319.976540396
249.619188614	C1	143.597601385	117.369082841
31.4899031015	C0	74.5316841271	335.498368353
57.3249881881	C0	48.6965990405	309.663283267
174.870152355	C0	68.8485651264	192.1181191
32.3379636882	C0	73.6836235404	334.650307767
80.7353895752	C0	25.2861976534	286.25288188
105.316435065	C0	0.705152163613	261.67183639
62.5909584356	C0	43.430628793	304.397313019
116.146815464	C0	10.1252282354	250.841455991
125.849983264	C0	19.8283960354	241.138288191
50.3701663981	C0	55.6514208305	316.618105057
150.746102315	C0	44.7245150864	216.24216914
117.672223713	C0	11.6506364844	249.316047742
114.036873529	C0	8.01528630039	252.951397926
142.063989172	C0	36.0424019434	224.924282283
109.49751908	C0	3.47593185139	257.490752375
136.986707481	C0	30.9651202524	230.001563974
84.0017811297	C0	22.0198060989	282.986490325
104.583166923	C0	1.43842030561	262.405104532
20.2881800015	C0	85.7334072271	346.700091453
114.501016731	C0	8.47942950239	252.487254724
148.666157037	C0	42.6445698084	218.322114418
228.809949242	C0	122.788362013	138.178322213
140.999318881	C0	34.9777316524	225.988952574
75.9576286493	C0	30.0639585793	291.030642805
101.331693426	C0	4.68989380261	265.656578029
77.5274951881	C0	28.4940920405	289.460776267
56.361973876	C0	49.6596133526	310.626297579
134.357234143	C0	28.3356469144	232.631037312
74.8532785716	C0	31.168308657	292.134992883
53.0923982176	C0	52.929189011	313.895873237
105.595266422	C0	0.426320806613	261.393005033
73.6130685132	C0	32.4085187154	293.375202942
46.470895573	C0	59.5506916556	320.517375882
136.983734185	C0	30.9621469564	230.00453727
-20.1848026474	C0	126.206389876	387.173074102
159.25202817	C0	53.2304409414	207.736243285
143.763779077	C0	37.7421918484	223.224492378
52.4078582256	C0	53.613729003	314.580413229
82.0572044226	C0	23.964382806	284.931067032
139.451672992	C0	33.4300857634	227.536598463
97.9790607491	C0	8.04252647951	269.009210706
107.878380175	C0	1.85679294639	259.10989128
132.938977776	C0	26.9173905474	234.049293679
122.068449023	C0	16.0468617944	244.919822432
142.711891634	C0	36.6903044054	224.276379821
109.890878993	C0	3.86929176439	257.097392462
31.4283036993	C0	74.5932835293	335.559967755
103.791280273	C0	2.23030695561	263.196991182
1.14169724991	C0	104.879889979	365.846574205
108.402283114	C0	2.38069588539	258.585988341
167.952827361	C0	61.9312401324	199.035444094
106.828771193	C0	0.807183964387	260.159500262
66.9923587221	C0	39.0292285065	299.995912733
223.228777627	C0	117.207190398	143.759493828
81.7472972475	C0	24.2742899811	285.240974207
-3.77632868488	C0	109.797915913	370.76460014
115.698180838	C0	9.67659360939	251.290090617
126.34163977	C0	20.3200525414	240.646631685
109.994278884	C0	3.97269165539	256.993992571
130.647195099	C0	24.6256078704	236.341076356
125.548837987	C0	19.5272507584	241.439433468
77.9516224194	C0	28.0699648092	289.036649035
153.887281143	C0	47.8656939144	213.100990312
88.5346439113	C0	17.4869433173	278.453627543
88.1323703116	C0	17.889216917	278.855901143
97.7854523212	C0	8.23613490741	269.202819134
114.040039512	C0	8.01845228339	252.948231943
76.4273865239	C0	29.5942007047	290.560884931
67.9469781092	C0	38.0746091194	299.041293346
-41.3965375766	C0	147.418124805	408.384809031
203.163844909	C0	97.1422576804	163.824426546
176.653337604	C0	70.6317503754	190.334933851
110.530807902	C0	4.50922067339	256.457463553
57.9508722759	C0	48.0707149527	309.037399179
103.503223158	C0	2.51836407061	263.485048297
160.668560915	C0	54.6469736864	206.31971054
152.081594805	C0	46.0600075764	214.90667665
175.388144308	C0	69.3665570794	191.600127147
54.236610148	C0	51.7849770806	312.751661307
47.1434953113	C0	58.8780919173	319.844776143
78.0033350091	C0	28.0182522195	288.984936446
0.376806886373	C0	105.644780342	366.611464568
56.0667655204	C0	49.9548217082	310.921505934
175.982962303	C0	69.9613750744	191.005309152
173.334854053	C0	67.3132668244	193.653417402
168.843367446	C0	62.8217802174	198.144904009
33.5952711983	C0	72.4263160303	333.393000256
87.2947849042	C0	18.7268023244	279.693486551
152.347960587	C0	46.3263733584	214.640310868
-52.8177380864	C0	158.839325315	419.806009541
144.15351829	C0	38.1319310614	222.834753165
101.197094472	C0	4.82449275661	265.791176983
127.894363203	C0	21.8727759744	239.093908252
194.234802098	C0	88.2132148694	172.753469357
58.2791362842	C0	47.7424509444	308.709135171
111.230672005	C0	5.20908477639	255.75759945
75.4423205959	C0	30.5792666327	291.545950859
79.323794515	C0	26.6977927136	287.66447694
68.3602755358	C0	37.6613116928	298.627995919
-12.1980015862	C0	118.219588815	379.186273041
20.7168246613	C0	85.3047625673	346.271446793
90.5449808082	C0	15.4766064204	276.443290647
168.727304246	C0	62.7057170174	198.260967209
200.973755315	C0	94.9521680864	166.01451614
194.131337335	C0	88.1097501064	172.85693412
44.8786068044	C0	61.1429804242	322.10966465
119.099233345	C0	13.0776461164	247.88903811
112.00037769	C0	5.97879046139	254.987893765
99.5638945877	C0	6.45769264091	267.424376867
35.5340766178	C0	70.4875106108	331.454194837
134.565534448	C0	28.5439472194	232.422737007
16.7693904293	C0	89.2521967993	350.218881025
98.012533235	C0	8.00905399361	268.97573822
195.2936084	C0	89.2720211714	171.694663055
67.7052021516	C0	38.316385077	299.283069303
80.0699689024	C0	25.9516183262	286.918302552
133.443666127	C0	27.4220788984	233.544605328
127.060738742	C0	21.0391515134	239.927532713
39.3857268964	C0	66.6358603322	327.602544558
15.220981861	C0	90.8006053676	351.767289594
34.9755297329	C0	71.0460574957	332.012741722
79.0424089463	C0	26.9791782823	287.945862508
127.840445271	C0	21.8188580424	239.147826184
71.6206011676	C0	34.400986061	295.367670287
141.730299656	C0	35.7087124274	225.257971799
61.1652916614	C0	44.8562955672	305.822979793
138.34398822	C0	32.3224009914	228.644283235
58.5999661191	C0	47.4216211095	308.388305336
138.963920531	C0	32.9423333024	228.024350924
21.0520417998	C0	84.9695454288	345.936229655
-61.2481654513	C0	167.26975268	428.236436906
101.184466486	C0	4.83712074261	265.803804969
72.9491134076	C0	33.072473821	294.039158047
80.4412448052	C0	25.5803424234	286.54702665
30.190734242	C0	75.8308529866	336.797537213
78.4188172897	C0	27.6027699389	288.569454165
85.9396499352	C0	20.0819372934	281.04862152
90.308672073	C0	15.7129151556	276.679599382
109.513923962	C0	3.49233673339	257.474347493
100.594333245	C0	5.42725398361	266.39393821
119.488313849	C0	13.4667266204	247.499957606
85.4953014545	C0	20.5262857741	281.49297
115.684759975	C0	9.66317274639	251.30351148
56.7410637299	C0	49.2805234987	310.247207725
21.7430887582	C0	84.2784984704	345.245182697
21.4956460991	C0	84.5259411295	345.492625356
84.1425247054	C0	21.8790625232	282.845746749
136.180016717	C0	30.1584294884	230.808254738
27.7762042566	C0	78.245382972	339.212067198
-22.0178313554	C0	128.039418584	389.00610281
53.4242846968	C0	52.5973025318	313.563986758
43.6852448962	C0	62.3363423324	323.303026559
53.5248980699	C0	52.4966891587	313.463373385
113.910474413	C0	7.88888718439	253.077797042
140.110699583	C0	34.0891123544	226.877571872
106.807711725	C0	0.786124496387	260.18055973
78.474532205	C0	27.5470550236	288.51373925
152.967004724	C0	46.9454174954	214.021266731
79.5108093665	C0	26.5107778621	287.477462088
73.2065804201	C0	32.8150068085	293.781691035
123.074083088	C0	17.0524958594	243.914188367
87.2012560612	C0	18.8203311674	279.787015394
140.758189039	C0	34.7366018104	226.230082416
62.1971910031	C0	43.8243962255	304.791080452
78.1129417886	C0	27.90864544	288.875329666
65.6756448635	C0	40.3459423651	301.312626591
71.4750963366	C0	34.546490892	295.513175118
93.9784075845	C0	12.0431796441	273.00986387
108.038223342	C0	2.01663611339	258.950048113
62.5737886746	C0	43.447798554	304.41448278
61.7312055681	C0	44.2903816605	305.257065887
146.730058556	C0	40.7084713274	220.258212899
79.8029387068	C0	26.2186485218	287.185332748
78.8376221843	C0	27.1839650443	288.15064927
54.3716872911	C0	51.6498999375	312.616584164
166.140365406	C0	60.1187781774	200.847906049
166.837083131	C0	60.8154959024	200.151188324
121.209677531	C0	15.1880903024	245.778593924
86.3532988369	C0	19.6682883917	280.634972618
127.960514725	C0	21.9389274964	239.02775673
123.108781709	C0	17.0871944804	243.879489746
101.128448834	C0	4.89313839461	265.859822621
52.3772718911	C0	53.6443153375	314.610999564
44.579393147	C0	61.4421940816	322.408878308
133.058940722	C0	27.0373534934	233.929330733
142.504263446	C0	36.4826762174	224.484008009
108.402186336	C0	2.38059910739	258.586085119
60.7465474675	C0	45.2750397611	306.241723987
75.740048833	C0	30.2815383956	291.248222622
68.8646486773	C0	37.1569385513	298.123622777
98.9324589111	C0	7.08912831751	268.055812544
128.855715174	C0	22.8341279454	238.132556281
104.257378598	C0	1.76420863061	262.730892857
127.602633462	C0	21.5810462334	239.385637993
18.2856552667	C0	87.7359319619	348.702616188
72.7663770785	C0	33.2552101501	294.221894376
-7.10410719351	C0	113.125694422	374.092378648
146.997689054	C0	40.9761018254	219.990582401
51.3089169374	C0	54.7126702912	315.679354517
135.796661918	C0	29.7750746894	231.191609537
56.4367047515	C0	49.5848824771	310.551566703
102.25320655	C0	3.76838067861	264.735064905
-5.41772883604	C0	111.439316065	372.406000291
134.265002059	C0	28.2434148304	232.723269396
32.9671902898	C0	73.0543969388	334.021081165
124.909297	C0	18.8877097714	242.078974455
129.505318193	C0	23.4837309644	237.482953262
118.421542202	C0	12.3999549734	248.566729253
25.5850140794	C0	80.4365731492	341.403257375
143.243144646	C0	37.2215574174	223.745126809
163.097296049	C0	57.0757088204	203.890975406
118.959959315	C0	12.9383720864	248.02831214
129.056991826	C0	23.0354045974	237.931279629
34.2703893412	C0	71.7511978874	332.717882114
55.9325386449	C0	50.0890485837	311.05573281
29.9181167675	C0	76.1034704611	337.070154687
97.8977430017	C0	8.12384422691	269.090528453
55.5921778082	C0	50.4294094204	311.396093647
159.566471951	C0	53.5448847224	207.421799504
16.2897881781	C0	89.7317990505	350.698483277
-11.5703670428	C0	117.591954271	378.558638498
44.3443881862	C0	61.6771990424	322.643883269
146.044412505	C0	40.0228252764	220.94385895
133.473774149	C0	27.4521869204	233.514497306
60.3931697912	C0	45.6284174374	306.595101664
162.192314901	C0	56.1707276724	204.795956554
41.768883281	C0	64.2527039476	325.219388174
142.925675642	C0	36.9040884134	224.062595813
109.952070058	C0	3.93048282939	257.036201397
81.9214635464	C0	24.1001236822	285.066807908
125.709419472	C0	19.6878322434	241.278851983
66.0023104012	C0	40.0192768274	300.985961054
83.0442909333	C0	22.9772962953	283.943980521
121.697425786	C0	15.6758385574	245.290845669
136.426813631	C0	30.4052264024	230.561457824
91.6161841567	C0	14.4054030719	275.372087298
86.2768264786	C0	19.74476075	280.711444976
54.2339283908	C0	51.7876588378	312.754343064
106.036006164	C0	0.0144189353873	260.952265291
137.527239872	C0	31.5056526434	229.461031583
168.683049204	C0	62.6614619754	198.305222251
45.2441891985	C0	60.7773980301	321.744082256
178.143264069	C0	72.1216768404	188.845007386
160.704950266	C0	54.6833630374	206.283321189
151.339273159	C0	45.3176859304	215.648998296
118.498536121	C0	12.4769488924	248.489735334
81.2802810669	C0	24.7413061617	285.707990388
109.530797809	C0	3.50921058039	257.457473646
122.714743656	C0	16.6931564274	244.273527799
139.015976497	C0	32.9943892684	227.972294958
121.350912458	C0	15.3293252294	245.637358997
115.555906817	C0	9.53431958839	251.432364638
145.098964118	C0	39.0773768894	221.889307337
93.2419053648	C0	12.7796818638	273.74636609
104.53324088	C0	1.48834634861	262.455030575
111.614968145	C0	5.59338091639	255.37330331
104.973608705	C0	1.04797852361	262.01466275
148.016221955	C0	41.9946347264	218.9720495
77.8346419988	C0	28.1869452298	289.153629456
31.0493460995	C0	74.9722411291	335.938925355
29.8215912337	C0	76.1999959949	337.166680221
16.9127530465	C0	89.1088341821	350.075518408
44.9846491951	C0	61.0369380335	322.00362226
113.474743024	C0	7.45315579539	253.513528431
70.7758670365	C0	35.2457201921	296.212404418
202.905266932	C0	96.8836797034	164.083004523
157.996238846	C0	51.9746516174	208.992032609
85.4900808206	C0	20.531506408	281.498190634
157.206954127	C0	51.1853668984	209.781317328
96.7428729512	C0	9.27871427741	270.245398504
124.835059471	C0	18.8134722424	242.153211984
123.338149115	C0	17.3165618864	243.65012234
96.8391350638	C0	9.18245216481	270.149136391
136.429742302	C0	30.4081550734	230.558529153
47.7337966141	C0	58.2877906145	319.254474841
96.1380053823	C0	9.88358184631	270.850266072
15.4397434665	C0	90.5818437621	351.548527988
-12.9508529372	C0	118.972440166	379.939124392
35.0579383061	C0	70.9636489225	331.930333149
107.715615464	C0	1.69402823539	259.272655991
40.2489501566	C0	65.772637072	326.739321298
22.2767636045	C0	83.7448236241	344.71150785
107.564069261	C0	1.54248203239	259.424202194
133.879468421	C0	27.8578811924	233.108803034
45.0590958552	C0	60.9624913734	321.9291756
97.7167996578	C0	8.30478757081	269.271471797
137.192303272	C0	31.1707160434	229.795968183
124.474060923	C0	18.4524736944	242.514210532
128.956309607	C0	22.9347223784	238.031961848
206.998960763	C0	100.977373534	159.989310692
81.3625551471	C0	24.6590320815	285.625716308
116.15663401	C0	10.1350467814	250.831637445
137.958158626	C0	31.9365713974	229.030112829
117.521226182	C0	11.4996389534	249.467045273
103.890509698	C0	2.13107753061	263.097761757
88.4883395295	C0	17.5332476991	278.499931925
122.379890289	C0	16.3583030604	244.608381166
98.940289097	C0	7.08129813161	268.047982358
63.4735454907	C0	42.5480417379	303.514725964
167.183466357	C0	61.1618791284	199.804805098
59.3895376453	C0	46.6320495833	307.598733809
215.754786376	C0	109.733199147	151.233485079
115.08830857	C0	9.06672134139	251.899962885
80.5181302643	C0	25.5034569643	286.47014119
163.508349371	C0	57.4867621424	203.479922084
136.313547852	C0	30.2919606234	230.674723603
26.0116641037	C0	80.0099231249	340.976607351
40.6431058238	C0	65.3784814048	326.345165631
10.1514550919	C0	95.8701321367	356.836816363
97.7317446086	C0	8.28984262001	269.256526846
160.621823572	C0	54.6002363434	206.366447883
29.7096700894	C0	76.3119171392	337.278601365
80.4277839334	C0	25.5938032952	286.560487521
86.2997299929	C0	19.7218572357	280.688541462
5.63873332999	C0	100.382853899	361.349538125
137.808984218	C0	31.7873969894	229.179287237
149.826301313	C0	43.8047140844	217.161970142
116.886463821	C0	10.8648765924	250.101807634
164.822460355	C0	58.8008731264	202.1658111
89.8923743145	C0	16.1292129141	277.09589714
25.8938254328	C0	80.1277617958	341.094446022
19.2752920171	C0	86.7462952115	347.712979438
192.731998554	C0	86.7104113254	174.256272901
16.265795121	C0	89.7557921076	350.722476334
161.663430147	C0	55.6418429184	205.324841308
-16.0102196761	C0	122.031806905	382.998491131
121.59352877	C0	15.5719415414	245.394742685
51.2071312011	C0	54.8144560275	315.781140254
162.036460877	C0	56.0148736484	204.951810578
120.42167061	C0	14.4000833814	246.566600845
49.6483471811	C0	56.3732400475	317.339924274
108.851216515	C0	2.82962928639	258.13705494
115.905455895	C0	9.88386866639	251.08281556
124.416093445	C0	18.3945062164	242.57217801
131.454754696	C0	25.4331674674	235.533516759
113.642346093	C0	7.62075886439	253.345925362
28.9526036249	C0	77.0689836037	338.03566783
86.7404412331	C0	19.2811459955	280.247830222
161.520129788	C0	55.4985425594	205.468141667
140.940328522	C0	34.9187412934	226.047942933
87.7967663855	C0	18.2248208431	279.191505069
110.196777271	C0	4.17519004239	256.791494184
94.107074583	C0	11.9145126456	272.881196872
210.811435486	C0	104.789848257	156.176835969
69.902536788	C0	36.1190504406	297.085734667
56.9037794067	C0	49.1178078219	310.084492048
132.275235332	C0	26.2536481034	234.713036123
116.91946733	C0	10.8978801014	250.068804125
162.922664627	C0	56.9010773984	204.065606828
90.6811797464	C0	15.3404074822	276.307091708
52.5732247329	C0	53.4483624957	314.415046722
145.140110424	C0	39.1185231954	221.848161031
66.6306875045	C0	39.3908997241	300.35758395
165.956521729	C0	59.9349345004	201.031749726
52.5933239234	C0	53.4282633052	314.394947531
99.7894855082	C0	6.23210172041	267.198785947
123.606491443	C0	17.5849042144	243.381780012
102.156198229	C0	3.86538899961	264.832073226
98.6991359976	C0	7.32245123101	268.289135457
114.586586156	C0	8.56499892739	252.401685299
87.7783493005	C0	18.2432379281	279.209922154
115.565979451	C0	9.54439222239	251.422292004
124.069816778	C0	18.0482295494	242.918454677
81.0458531136	C0	24.975734115	285.942418341

