543.700312318	112.718283372	C0	283.676086586	946.396084816
260.538126368	15.4670794951	C0	142.883942815	954.385874435
509.227542215	325.427608868	C0	449.551195561	743.424536001
414.829072884	340.775181341	C0	440.736211311	684.931204784
351.419090357	-19.3840148801	C0	75.9053980706	1005.70144554
262.519119505	194.743450721	C0	303.172018142	777.822822062
328.701219741	-77.5459794357	C0	28.3483063729	1057.71757605
408.335996612	701.921286247	C1	799.280955631	385.719882093
379.48776825	-655.079324007	C0	560.526330693	1635.23134484
449.97204183	49.5673804597	C0	175.543487971	967.593403873
300.324621738	373.100363189	C0	471.100493673	613.244846877
427.195880003	-510.273062546	C0	421.95728904	1501.4027606
248.873404922	244.053231915	C0	354.32082078	726.869166594
381.651782186	-264.653624858	C0	172.151548776	1251.66764675
426.177000377	-81.436019287	C0	76.6273063711	1084.79225952
504.823899194	-248.414938176	C0	217.181626528	1267.46454215
438.094780876	538.896675135	C1	640.161863466	526.644932521
388.807902474	59.4918530928	C0	159.374348673	939.049369592
331.593412733	83.1029786137	C0	179.42221185	901.406302129
336.184307597	8.52421552527	C0	104.836693966	975.084775934
470.07765166	159.830611963	C0	281.619072527	872.534127775
268.056450745	264.628206781	C0	369.306665506	710.334814637
517.184803133	529.979075948	C1	647.022087376	584.204678974
404.776645696	193.99690486	C0	294.274293703	816.425315822
427.673884554	-546.209031054	C0	457.425899041	1536.69791483
313.989282727	824.858188204	C1	920.881667641	235.106803304
286.145756778	-691.35985566	C0	599.570330127	1659.21323793
468.592124352	-459.511526433	C0	382.794582866	1461.02378226
461.68509249	229.9905177	C0	343.654351224	805.124119436
327.32938277	446.078587376	C0	541.874627727	553.334831772
329.220086673	142.503101446	C0	238.768365589	843.169854502
396.016840598	-531.906249654	C0	438.953149219	1516.63352097
263.829908755	-367.907740375	C0	286.160701987	1335.18080841
414.899744409	-807.103012249	C0	714.695254012	1790.97255666
322.658942007	-145.018353585	C0	57.14717335	1122.8597565
267.649475282	348.977544501	C0	451.981155062	627.950510362
272.767415871	509.107123066	C1	609.412161397	475.303525761
236.689754211	-470.629034365	C0	392.307945163	1434.92146627
266.631788991	329.40020626	C0	432.94977197	646.7759145
473.305803728	-399.925507106	C0	328.343387582	1404.39036826
298.790235125	167.461650773	C0	267.849027259	811.815464922
394.138257679	-103.203526681	C0	44.0436475576	1097.29954685
388.299423655	-335.060485294	C0	242.68630852	1321.94275414
349.413014818	378.280827185	C0	473.5698779	624.498837548
382.544000754	88.4228269553	C0	186.430200296	909.535321279
455.674892719	85.1889614115	C0	208.7290335	936.188710739
336.876046114	-521.241409346	C0	426.182332667	1496.49164652
145.187838747	-430.7474505	C0	393.465358532	1390.60175064
303.169514802	111.161476366	C0	211.874411152	867.748797609
291.391568038	-90.8343758065	C0	59.5869477647	1064.15632897
413.809456848	274.86517474	C0	375.474779791	744.619080029
444.550073191	-644.551729186	C0	557.206066413	1636.43390549
465.991326381	-106.539473184	C0	115.727755508	1120.50504488
241.692096263	-865.249644894	C0	777.656501921	1828.86281115
416.191817757	442.326305332	C0	541.574168563	595.441180456
330.267410945	-394.13072673	C0	299.549093187	1369.8048165
388.311676966	45.4602497695	C0	145.657184832	952.369019141
408.3652408	-61.0583665373	C0	66.9625465939	1060.29160504
308.316655467	105.932545342	C0	205.65783962	873.94896541
422.531642161	-386.345231573	C0	299.764276115	1379.2781941
368.664217991	-340.776241612	C0	246.137522047	1323.73279231
190.999470472	-170.238762018	C0	176.51569059	1132.03298014
547.93402042	387.543241425	C0	521.519077587	713.63320537
478.217646818	-158.975625214	C0	142.437569957	1174.16843501
231.322935578	173.535219212	C0	294.181908725	793.768649388
258.467446193	549.340604445	C1	651.208285376	432.611339758
361.964501609	-102.998013199	C0	13.5587597451	1089.5466829
494.06994901	-52.012805438	C0	149.651316427	1078.13504709
585.110219404	190.855587563	C0	369.828694306	897.836308429
284.749266088	689.339785505	C1	787.402973681	315.854379553
354.475546015	42.0034921795	C0	137.339350266	946.79383733
332.555705725	-471.358723666	C0	376.514597915	1446.50969216
531.291327792	-627.204016622	C0	561.701472721	1638.94795847
220.582799538	-332.266571674	C0	270.405157846	1295.7214506
349.318780166	229.48028166	C0	324.770698612	764.927164081
323.422814102	-126.152129701	C0	41.2652455209	1104.44385977
294.689760911	1129.59244425	C1	1226.16447192	242.742390535
273.572525191	333.364620447	C0	435.55495989	644.517205128
412.538255137	-132.443244277	C0	72.0467048467	1130.24473686
218.232695355	167.982869038	C0	294.76815888	797.572265856
520.099690506	-724.655005223	C0	651.738025263	1730.86040621
225.800011061	-243.467781845	C0	193.869871019	1207.64257287
327.599130225	107.219032212	C0	203.832089197	877.025469558
193.280407582	41.3305967566	C0	208.519883861	921.131596807
180.919913167	244.250896484	C0	379.669945824	717.874318111
344.158778324	-9.40853995041	C0	86.1357741276	994.341161658
398.032409838	-626.917685214	C0	533.723689037	1610.51093773
164.739491722	314.926971191	C0	450.442492751	646.180931963
261.733392535	-333.558615942	C0	254.378369698	1300.80504452
285.655895663	-486.382602153	C0	396.48592667	1455.33640595
502.349214401	-703.348034765	C0	626.659230671	1706.08213938
446.442517913	-114.863951207	C0	97.6138732448	1122.61287098
207.289494972	75.7505655127	C0	223.276803461	888.066691614
316.343721027	73.5810027693	C0	172.349801591	907.26922734
400.1243076	-125.030705223	C0	57.5881946676	1119.92967855
305.962423249	-440.605209974	C0	348.218544116	1412.37153556
288.498753744	-54.4478724329	C0	74.5034507812	1027.77934333
354.01546358	-442.894964087	C0	347.622741071	1421.71082275
317.799023988	267.560864688	C0	364.346556476	719.427651416
483.945632294	231.930939364	C0	353.264991473	813.046201212
326.441133242	-170.368065759	C0	78.937343278	1148.4771264
332.395585956	165.741267113	C0	261.677109519	821.47892719
299.545022922	-186.108479106	C0	104.292084781	1159.5313564
413.499445864	-576.476343666	C0	485.255525279	1563.65931368
169.85578986	58.6306151463	C0	237.562096566	902.323711136
587.960592224	-327.280055782	C0	331.753336492	1368.90691435
187.954395283	-420.26344079	C0	363.500029633	1381.51958887
412.93210202	-474.741269622	C0	384.505488992	1463.72587183
268.905412135	-248.4862755	C0	173.720175337	1217.11275092
437.939167233	-310.828835198	C0	232.485367318	1309.32794207
378.61779119	-381.950422638	C0	288.008841925	1366.04319499
436.037924257	537.83651254	C1	638.833964191	526.25983546
178.920003488	256.360328303	C0	391.411119836	705.64140052
308.131331678	148.007573621	C0	247.009868094	832.855004381
321.4784343	577.106325019	C1	673.032849367	431.726142272
388.90796496	45.7175039223	C0	146.060173076	952.289437706
467.722387603	79.5292423655	C0	210.306371411	945.822508971
358.232628937	677.013396529	C1	772.336031455	368.771656781
519.711557176	-9.78189586585	C0	189.309816213	1048.08541394
230.030155999	-190.946127825	C0	154.074355441	1155.71671108
275.524895847	-253.057687264	C0	174.813418072	1222.46770961
312.954994552	425.668852446	C0	522.329523531	567.3137969
404.589817035	-211.235877596	C0	127.813174805	1204.65497552
494.151737676	-456.160157755	C0	388.29853145	1464.06728932
214.292059096	-166.650289951	C0	154.046728884	1130.12793259
208.634891527	326.564504031	C0	445.166246227	639.073118088
251.68212269	-392.392348037	C0	313.206504375	1358.30884412
365.689228643	403.358405619	C0	498.867276286	607.583438253
498.466069167	-975.197727111	C0	892.213349861	1971.25487928
441.662888511	-326.354338807	C0	248.286165713	1325.29314858
182.008688434	-389.410543135	C0	339.121216996	1350.42328628
287.23110963	-152.519471438	C0	85.5457621532	1124.47085422
351.489407436	-111.219517718	C0	15.9469306754	1095.31808254
437.313016178	715.552078464	C1	815.440019361	399.26264602
262.680430326	-503.858906978	C0	417.969108729	1470.31642173
317.748307926	-584.63812457	C0	490.466860147	1556.72569233
251.774791329	-251.666553693	C0	185.102466636	1218.31700501
345.440277944	-91.6141435629	C0	6.50725247078	1074.88087238
467.546359718	306.908735797	C0	418.793894547	738.86186948
474.169756879	-604.950122799	C0	524.37931843	1603.88566324
405.044422112	620.93901232	C1	718.276299565	441.817286883
317.592949996	-54.6039726195	C0	52.5224489801	1033.06294964
312.782192359	-586.012566187	C0	492.196969627	1557.47100095
258.589106422	292.477780021	C0	398.580682665	681.139474707
494.231528163	-789.840070304	C0	709.206015198	1788.78442334
448.729649187	7.43247588273	C0	141.912538538	1006.92097806
379.754251646	352.228256705	C0	448.450163925	660.097964758
345.158890823	255.939960492	C0	351.272435153	738.440446671
355.853710129	418.059851312	C0	513.371593977	590.175986117
415.47433247	466.616879926	C0	565.612217045	574.09536166
371.924961556	-239.337326715	C0	145.58935903	1224.88942688
335.580232699	617.685029941	C1	713.134698246	403.522950334
414.673560058	-14.9221572966	C0	102.648984938	1017.75460811
473.216275397	-196.496343492	C0	158.827452761	1208.50240056
343.936152744	-355.421619693	C0	260.225488034	1333.77441611
305.067421272	-267.975352148	C0	178.644428321	1241.29489771
340.241992673	43.8053812214	C0	139.493403603	941.637546525
363.685153999	-645.098164058	C0	549.961865208	1622.94144676
382.05812763	20.8616653575	C0	120.278153295	974.313963192
355.321348098	-697.066455033	C0	601.796365899	1673.15513754
258.594376907	190.812175685	C0	300.594087348	780.989939459
238.715087131	370.350845527	C0	478.940799552	600.87107118
418.327450294	215.252486155	C0	317.794130295	801.447428148
261.712354098	183.715555202	C0	292.884192845	788.526133905
476.593324568	403.785176846	C0	514.678524114	659.679554347
404.474803084	187.996187301	C0	288.321105921	821.951481901
57.2456126547	-326.526107181	C0	373.701365506	1287.77321829
169.563758005	77.3534145505	C0	250.311016184	883.612566627
214.80268305	-201.050644856	C0	172.291802692	1164.45608111
347.302656012	126.97408874	C0	222.288775371	862.786082036
225.321915487	-31.9490884216	C0	140.568243733	997.034226159
211.665516968	-369.421801452	C0	307.427422709	1332.13641223
423.688373458	352.99250842	C0	454.164596599	677.817368917
449.016186562	-95.2814660111	C0	98.2042634184	1104.64462923
405.389495882	-87.0606993765	C0	55.1940503752	1084.56293255
205.601418512	620.847914431	C1	730.708754728	349.118444351
276.251278104	688.867963828	C1	787.691737214	311.952770014
329.7413947	-97.0869793731	C0	21.1472730345	1077.08701848
249.59554513	-2.37578368379	C0	137.394492086	970.535115302
391.695623119	418.449499653	C0	515.360700976	604.962719538
253.743527005	286.777590514	C0	394.202502626	685.771869347
398.740723331	128.035438111	C0	228.407693248	876.654716405
417.113132141	46.5526159452	C0	156.570503487	959.800731447
418.255888246	56.4892404609	C0	166.086456058	950.708799488
259.530695582	166.58198676	C0	277.322232552	805.014554921
186.884241866	-430.213172757	C0	372.891185586	1391.40702995
313.726304382	300.803226703	C0	397.822571732	686.355837112
283.429199816	-201.184739261	C0	125.517990253	1172.09396709
393.484215024	-95.6024710467	C0	42.6734579431	1089.77523442
253.640092222	-377.396085046	C0	298.375450295	1343.57389266
335.391095443	-562.339584639	C0	467.307107996	1536.96529872
542.96750002	71.1310942309	C0	254.202168774	983.473241517
316.285809963	-983.481297391	C0	888.865113428	1952.88404979
427.475889183	521.548653412	C1	621.581505454	534.453289314
261.783274055	483.749635112	C1	585.84085492	496.185645252
247.55909536	-504.061239507	C0	421.613019242	1469.14171402
429.728806564	503.05279876	C1	603.521640667	550.974522333
421.48903367	-498.81214485	C0	409.667925187	1489.02320572
384.724665109	129.060735444	C0	226.896393807	871.343845794
376.870758146	-181.853541629	C0	90.4037149593	1169.75073184
333.924000394	116.254742409	C0	212.214759581	869.769833319
437.153598253	251.91621076	C0	357.777785317	774.992508447
208.928372422	-25.7317275492	C0	158.015428948	989.265261544
342.482435397	-283.57202095	C0	188.469189263	1262.73385499
501.177387757	-324.043788857	C0	273.750704875	1338.7053126
516.208383131	33.658827125	C0	209.721270436	1006.66069378
530.006753616	-125.161156525	C0	181.667975614	1159.22747174
294.762153737	-322.858316071	C0	234.372113527	1294.17791931
339.708947657	-381.90762892	C0	286.835614679	1359.21073391
274.017528616	-286.752605868	C0	206.292179207	1255.71666166
240.177463691	170.071381823	C0	287.497906524	798.468766876
260.952847328	380.656209296	C0	484.351708267	595.584031942
400.936976209	-347.062212691	C0	256.716354048	1336.28622078
203.469667205	436.332050488	C1	551.659803541	529.720620666
363.60239625	-472.313457916	C0	377.243366832	1452.3090127
276.823228413	-28.0091113389	C0	100.003195921	999.819899423
282.79202156	783.691578103	C1	881.606499881	238.792716377
325.000511799	-390.285293711	C0	296.125364284	1365.20892867
248.649932011	-23.8950170062	C0	124.6350091	991.747940666
341.383049566	226.552062912	C0	321.977136036	765.403984408
347.784472871	130.17130618	C0	225.478616091	859.827605808
361.892785232	12.0762407144	C0	107.933533436	977.626037199
496.027953958	-721.987870548	C0	643.305289947	1722.87057536
428.542124128	-246.716963055	C0	170.214636596	1244.86260122
150.950665554	73.1857530712	C0	261.395458392	886.958139616
305.868485308	422.222906617	C0	519.457794313	568.217993306
354.776380555	-289.249153024	C0	194.002679675	1270.52468908
209.318076967	-261.666981076	C0	218.409733745	1224.48039647
268.263771346	-860.880075983	C0	770.030505268	1826.44769176
405.631526337	-195.864064444	C0	114.546662447	1189.96798022
236.119191549	891.784561726	C1	993.712564165	133.325116437
314.204446985	30.5317347723	C0	131.036092179	948.920581886
231.005657289	-474.580015557	C0	397.764685143	1438.415255
272.498820084	196.545125304	C0	302.157115547	777.928289913
282.936499228	-210.434974274	C0	133.664253751	1181.18853872
505.441025441	-293.929565708	C0	251.732068436	1311.09911259
342.61751596	193.313122843	C0	288.716418476	797.638790262
367.57960944	-1085.65680907	C0	990.511758952	2060.07401501
310.329720566	-928.033921294	C0	833.73033374	1897.11911069
235.579325613	159.726685272	C0	279.840174679	808.03697128
529.545722512	-309.346701176	C0	278.86794951	1333.03007269
415.238741664	0.276160912399	C0	115.252460689	1003.37609248
319.955973214	1.78751564827	C0	101.860435126	978.233844776
314.983695894	-1.27557193739	C0	100.607194474	980.239072358
344.992096259	-446.739944256	C0	351.501142636	1424.05923302
358.738152164	-616.7292447	C0	521.502498341	1594.15202681
340.440803355	-555.406824694	C0	460.236708037	1530.81491712
320.716156053	-710.771852921	C0	616.220235307	1682.27607203
411.919416711	-25.2327048025	C0	92.960894261	1026.84926996
309.575016638	265.824711422	C0	363.458580085	718.901172202
248.981530969	312.510561045	C0	420.319244139	659.603724752
283.077860675	-873.398324844	C0	781.053878511	1840.16834806
518.793511863	551.490608592	C1	668.235788539	569.691329888
316.449386049	-526.165158039	C0	432.246208031	1498.56839597
270.611263213	-608.29878789	C0	519.242964561	1575.03649967
500.178530579	519.579536431	C1	632.748940727	580.660139193
358.852674203	-146.275874647	C0	51.6189944558	1131.13901214
303.951105273	580.340292849	C1	677.250436861	420.97000881
274.332651933	-192.121998156	C0	123.394079311	1161.8863549
264.553169212	306.845793985	C0	411.280128656	668.324775841
515.887996655	-144.397368885	C0	172.226420286	1172.4222074
325.700395562	-221.23267635	C0	128.424709884	1198.43210659
553.31931775	489.790414821	C0	619.132302549	638.24578179
325.671778167	-247.502502811	C0	154.277642247	1224.32066713
323.953377506	457.71917479	C1	553.658011545	541.275415289
445.433238936	718.586413304	C1	819.355296013	403.900588923
425.928249272	420.17608866	C0	520.907517962	619.511528491
268.389064696	-67.8302637455	C0	86.8757684137	1037.94688251
287.962303182	-41.4765432316	C0	82.7383728598	1014.89467411
405.486544258	-679.876315614	C0	587.140528471	1663.96373048
377.752201371	213.074323902	C0	309.535902815	789.374938203
302.672257098	72.5881378346	C0	174.641015162	905.402337253
523.048098647	316.205307378	C0	446.084304155	758.534899693
292.1940939	-71.8581194007	C0	63.1265526186	1045.55909396
259.328953472	-106.041173627	C0	92.1129000252	1074.5853144
512.223921886	13.1123436182	C0	194.433144384	1024.06493637
450.148659715	758.155364262	C1	859.204067695	385.619808829
427.415706659	492.546486809	C1	592.803786824	558.44103171
198.336071236	608.310132009	C1	719.929015869	359.673780843
385.910892904	226.36954847	C0	323.565855585	779.543454144
434.25027904	-549.798227864	C0	462.106513165	1541.53662126
345.307826575	105.559025234	C0	200.921414305	882.96352751
464.341423189	-487.801350744	C0	408.603077589	1487.53237815
342.228436633	-121.069853279	C0	27.1741156864	1103.05887847
479.982226074	619.414748288	C1	726.280616592	494.338523337
302.506263778	-837.669901121	C0	743.952842297	1806.425625
302.53565793	756.405794046	C1	853.059896436	272.274056276
217.870069949	-595.775786464	C0	517.84416306	1558.41718399
488.556421748	622.178514774	C1	730.568470145	498.719235952
413.052152377	461.246257896	C0	560.002764333	577.486957177
432.906582858	67.015838212	C0	181.883862407	945.44049824
324.066387807	700.769723563	C1	796.505873297	328.799727093
313.834598067	3.60370255178	C0	105.577888672	975.228967619
353.24768131	641.170118923	C1	736.461131473	393.956565675
267.214601006	-170.946204331	C0	112.751185504	1139.96572714
333.513672316	-163.071920228	C0	69.9573226488	1142.59105097
285.282613348	-269.451037206	C0	186.083872759	1239.98409403
392.639073905	-396.78721553	C0	304.387745828	1383.29860362
346.525684078	-289.759070598	C0	194.519315491	1269.53664092
311.841546933	483.947466371	C1	580.543916828	512.422228107
406.648126794	-15.3930759118	C0	97.471627964	1015.92273859
517.436262786	75.5446668891	C0	238.635964688	968.772156751
368.98920122	-351.209504773	C0	256.567242241	1334.04407163
344.286351511	45.8316360895	C0	141.269416994	940.617213745
351.607439241	-297.030255064	C0	201.744838953	1277.59924397
550.100279055	553.529013221	C1	678.732677644	590.553348527
514.972348061	-399.18039608	C0	345.398104556	1414.6913759
425.758510062	106.519867872	C0	215.274235688	905.809124276
452.966387752	-311.915148845	C0	239.506359361	1314.09343961
446.587016554	871.751949288	C1	971.770120987	336.896439552
355.880693642	-207.192006048	C0	112.01975839	1190.17683056
185.971749874	283.841286015	C0	413.41326577	678.890543417
445.994283894	-64.3202404883	C0	100.093061728	1074.19888352
288.067468361	-539.120873079	C0	448.247015867	1508.01397669
404.559202711	-473.598054428	C0	382.109978459	1460.95947356
408.149340111	-1.3856375453	C0	110.02291732	1002.91490995
378.218231664	-29.9984637964	C0	70.8074620373	1022.43869641
129.760543536	136.838922999	C0	320.540402211	822.854094601
313.789908336	-813.580327747	C0	719.24679803	1783.64116883
428.925756632	-238.767197656	C0	163.365671154	1237.25553619
412.333429793	-295.960460155	C0	209.892209416	1288.88476626
277.35626439	-449.62013366	C0	361.866984381	1417.87790321
216.071127775	694.844147537	C1	801.537452567	281.233982835
339.3653763	575.545889626	C1	670.930524355	441.659089112
410.770530924	-560.246825232	C0	468.80986346	1547.20575751
343.8328549	676.823970093	C1	772.142495704	359.84045737
235.810760015	267.528424479	C0	380.605161006	701.520924667
402.828597365	-537.54749658	C0	445.308988101	1523.42565888
371.722295312	136.71315183	C0	232.940565246	860.178433273
360.766497619	-87.8838192819	C0	12.4056602346	1074.54325924
361.262626048	-52.3287992238	C0	44.2111170896	1040.02643913
267.49207099	-375.53507525	C0	292.371664377	1343.15834407
320.076725924	-118.599889816	C0	38.5764683413	1096.40856827
560.470967884	504.646823099	C1	635.513562825	632.334671275
207.023861043	367.732518983	C0	484.831999251	598.084347517
447.577832608	-79.6042308874	C0	98.0285160902	1089.25121381
300.068498345	-243.902684446	C0	157.03987211	1216.74828081
200.984584185	-237.173471259	C0	206.34923469	1199.46943531
359.635871632	-25.8386856652	C0	70.0066302711	1013.885578
399.584920952	661.490652065	C1	758.347675264	407.809532696
440.39605707	-170.727587679	C0	117.11789626	1174.53747686
230.779905187	44.9802349362	C0	184.614675023	921.191565178
591.936715368	21.4591165282	C0	267.900760482	1049.59304256
340.56802627	-134.700349532	C0	40.7228531133	1116.08936425
262.205121141	-565.005389079	C0	478.002662068	1531.14728673
561.181700741	-265.124576473	C0	270.37058067	1301.35194811
528.24628375	-217.425330719	C0	215.408281814	1245.4170866
378.509023955	-616.936768039	C0	522.384557583	1597.42050287
212.51536105	-38.2287491197	C0	149.604750459	1002.0337796
283.648358355	-716.495231859	C0	624.828481252	1683.98367922
423.515950127	-650.05873424	C0	559.515477689	1637.8221245
279.479473712	359.574653487	C0	460.420924937	620.558289158
517.768814582	358.693640694	C0	483.707568312	719.923098631
130.812812498	-375.220497984	C0	356.037049614	1334.90410068
200.116477159	480.427287876	C1	595.110108266	485.651352538
302.861326481	42.8790964932	C0	146.250216019	934.565214065
511.02479193	-169.949665225	C0	176.755987624	1194.92047944
344.337552204	-232.413529566	C0	137.279302262	1212.7386779
296.091438977	193.228298116	C0	293.658644918	786.087635176
334.876321444	-300.419521842	C0	205.750580225	1278.0317193
448.55893109	281.743202596	C0	389.494851763	752.73996288
145.144281576	-305.886069109	C0	294.365679504	1265.75969083
428.401606128	-233.63229539	C0	158.617728875	1232.15176411
455.252567762	382.548716423	C0	489.116351535	666.731436387
590.370393229	704.352213673	C1	834.752123595	533.992984783
361.043610852	519.651895079	C1	615.023993928	501.045959115
246.742918197	-328.52053662	C0	255.398213844	1294.25837181
351.57556874	595.912275037	C1	691.199681427	430.470433185
312.165395155	212.202024794	C0	309.908123488	771.417956787
308.415184852	62.9108989215	C0	163.780504839	916.041035906
422.085157814	359.585283393	C0	460.422256304	671.203328793
281.180387097	-219.112423355	C0	142.060867692	1189.54779567
309.263992501	86.7403190626	C0	186.708783439	892.905223744
366.051878644	928.008543271	C1	1023.40900597	246.729990536
258.825763965	-5.26085247166	C0	128.709587699	974.653913544
207.272666862	176.810440186	C0	307.63700474	787.539902001
397.565438703	77.840645769	C0	179.329494456	924.055106117
450.777986656	-87.472141206	C0	100.271060629	1097.71661717
388.658665514	189.463663861	C0	287.254778317	815.252221131
325.35612459	384.455984256	C0	480.417853337	610.297501884
498.086330773	330.085745945	C0	450.146321704	733.672017095
245.359357532	246.959873007	C0	358.124496695	723.397148153
358.416204923	1101.90370852	C1	1197.21484315	276.463553585
296.153373649	326.231562922	C0	425.047577232	657.093657934
301.31574665	770.626082699	C1	867.32653109	260.987436406
508.210736197	-325.423503605	C0	278.813923084	1342.03887258
428.096199402	196.576559392	C0	301.922486102	822.416467962
389.930354106	-350.679494151	C0	258.371023124	1337.57024992
287.815535903	705.141416212	C1	802.90358672	304.109174745
288.337650605	65.4842158471	C0	172.483082142	909.623260013
228.202111389	58.8856840322	C0	196.98319145	907.078820766
159.950346987	396.985947902	C0	527.97801217	563.986041132
349.594031816	289.63063854	C0	384.919549807	707.825717519
403.348690486	-328.7289919	C0	239.280761247	1318.87786351
470.189717669	-163.378376523	C0	137.431784715	1175.95737136
440.549946441	-71.1419087937	C0	92.9295296484	1079.08060127
263.450680241	215.700379199	C0	323.02496374	757.397657888
328.208958827	-99.3447810986	C0	22.9643139621	1079.0074293
273.680563664	53.2706348197	C0	167.387612777	919.089537386
346.390475399	297.9467181	C0	393.258558839	698.92093213
417.103015178	787.522914661	C1	885.29533321	342.187333624
442.75194121	-113.51080491	C0	93.7287283714	1120.25339555
249.525897221	253.216424236	C0	362.92352502	717.966068329
484.939780318	162.74364211	C0	290.809364227	875.928520192
289.289587332	415.420442126	C0	514.399721503	569.549435805
257.832924406	34.6293971784	C0	159.76032197	935.033916336
378.202824254	-110.011129545	C0	31.0976188966	1100.06538156
497.058328331	-748.950190966	C0	669.82355767	1749.41843795
558.643229767	-129.595569004	C0	210.644085879	1173.74336857
172.755682729	-367.780826077	C0	325.510243275	1328.42558463
366.418127216	402.152308679	C0	497.684040378	608.980859701
478.029417181	-33.0277119272	C0	141.635121975	1054.80942578
265.222686262	200.342987041	C0	307.770365042	772.815651755
449.959174123	-288.167489706	C0	216.871082941	1290.35915076
358.669674493	-240.047519295	C0	144.973641308	1222.94345632
368.084763631	768.395075734	C1	863.85476341	312.173012911
362.834989105	394.956261334	C0	490.390654728	614.157724875
179.298956163	-247.573895138	C0	229.364341241	1208.61360857
474.758512529	256.293109519	C0	372.788572151	787.148116169
300.198798373	-957.133702326	C0	863.331601043	1925.10878836
203.576279194	-251.435534312	C0	214.617577305	1213.87319196
411.436598822	-17.0745187354	C0	98.9572690145	1018.88955349
275.384287131	19.506431059	C0	137.356676447	952.677223689
365.168959491	-226.641418573	C0	132.13671642	1211.0866291
474.979902629	428.423238224	C0	538.228654502	638.161105882
107.356095302	-5.13305133661	C0	259.612156609	964.884796312
265.179916151	210.59329728	C0	317.640657756	762.738833845
321.840200696	131.38847175	C0	228.519415364	852.179555866
235.699567584	-529.763809213	C0	449.467424414	1493.79636877
414.440552287	289.607590072	C0	390.118489691	731.336906684
355.832447725	757.623905378	C1	852.925666058	309.503295906
267.022010027	465.524541155	C1	567.03643351	515.148274244
361.166365435	-158.027506818	C0	63.5892098289	1143.11450128
408.496963242	223.515641853	C0	323.979441375	790.153191693
343.010796862	334.365029023	C0	429.72282967	663.408529729
436.905474685	-385.011734437	C0	302.245811036	1381.18969156
232.143686704	242.919590738	C0	358.421313461	725.241932963
530.028730723	92.4965185947	C0	259.579097995	958.627223103
332.252117372	567.702043606	C1	663.248760156	445.083268455
238.850468373	-45.0301537129	C0	122.723740306	1011.52689635
439.700123298	-375.251258616	C0	293.736458162	1372.33474184
322.022024725	-235.998092395	C0	143.626161027	1212.36967488
344.58760246	770.911847099	C1	866.221194682	292.32353719
435.843154001	664.181312716	C1	764.213585815	431.511259321
364.316028469	374.530089006	C0	470.011109932	633.556210388
381.890134224	-116.649155452	C0	37.7120344194	1107.3827277
317.88113368	-254.021203168	C0	162.114123585	1229.479143
118.93897488	473.94574338	C1	614.647022894	485.710414349
341.290739388	-207.84394387	C0	112.958939597	1188.02873771
204.184963457	-166.843426309	C0	163.155722271	1129.53434281
400.330196352	40.0754231796	C0	144.13549456	960.959127293
309.370585104	480.993761341	C1	577.768883373	514.256931351
295.61161038	-435.444345027	C0	344.60717409	1405.93473691
270.416491551	647.575168487	C1	747.199841982	345.845125936
406.539503326	-224.473184252	C0	140.693416227	1217.98021883
429.215918418	664.068517899	C1	763.392406006	426.783594261
291.448821474	188.840911923	C0	290.263052095	789.35246918
346.73246862	-285.384260768	C0	190.141043378	1265.26824466
436.683510543	859.11683208	C1	958.259137546	330.96276717
296.732356985	-482.723082657	C0	391.19219012	1452.99560089
327.904479107	862.801323633	C1	958.362122203	228.124167744
203.180334417	410.086532861	C0	526.495468294	555.621129927
471.506612895	-269.639294933	C0	212.051730088	1278.18452628
427.936960782	259.691819196	C0	363.260543569	764.154137833
360.333168152	-114.043610039	C0	21.0348544888	1099.96672299
186.156848724	114.952058653	C0	267.042597481	847.179768995
378.097930133	-277.572705334	C0	184.316603081	1263.5802726
456.746207642	110.488655934	C0	231.442621	912.994873127
346.325030081	-379.309991638	C0	284.058446041	1357.72744621
381.188442931	385.466800447	C0	481.712502155	630.236241199
470.065343533	196.013917839	C0	314.765935211	839.485689808
385.989102285	-10.7573816335	C0	91.5570187934	1005.84278602
357.302175533	-488.524064878	C0	393.290636452	1467.26874556
446.615800982	496.00646496	C1	599.004446069	566.354386493
297.610517839	64.0660100209	C0	167.999304823	912.762528166
386.917413541	5.62645604996	C0	107.178024422	990.294058174
339.503289847	34.7445918304	C0	130.522396722	950.282635162
264.69100962	-1254.35799194	C0	1162.26606762	2218.64281867
306.439624754	133.896990342	C0	233.439917804	846.240510201
222.48326775	556.269651263	C1	664.074012068	415.86281675
362.020762478	61.9463096825	C0	157.632315501	929.403101035
360.723125242	297.122300477	C0	392.534430207	704.441766388
536.996325203	-368.484826323	C0	330.608064425	1391.65249309
487.256253066	200.867265102	C0	326.07421657	842.396624668
448.630553366	155.488609943	C0	269.178162525	868.206354493
465.344860378	65.0276340937	C0	197.024289432	958.47562757
429.636683604	457.574330686	C0	558.452304785	589.164749512
377.249408234	-344.976659045	C0	251.085392168	1329.48517952
455.110135118	207.107319776	C0	319.875651271	823.231651979
455.492976809	565.792825022	C1	669.31654513	516.496799575
207.793183207	-90.2558410679	C0	143.107206045	1053.45781778
436.906976175	390.081585803	C0	492.945237541	651.136477205
279.390739837	186.536298812	C0	290.732434535	789.100091602
230.116851004	510.926614536	C1	618.111824989	461.71529557
429.734996361	534.13585003	C1	634.351602938	525.507394324
432.152713271	-145.689777319	C0	95.690990341	1148.20246593
297.797950278	-459.097090934	C0	367.652383161	1429.67629099
339.455102578	-1427.79112374	C0	1332.55253493	2397.38222746
236.971745168	105.458928852	C0	230.778049007	861.979617429
446.783798179	410.304967413	C0	514.620076033	638.499226983
179.257072754	989.116035503	C1	1097.88932805	64.9646161127
-250.073916794	979.641751468	C1	1231.4769914	371.970749331
73.4305538907	1024.36270316	C1	1153.49722465	80.5287167307
253.571726709	1040.22548649	C1	1139.66847272	154.830668764
-43.1038228949	1035.00981856	C1	1196.97137736	180.906535782
186.63264607	1031.48982708	C1	1138.67502752	97.0647353892
-122.742923296	1026.32323584	C1	1217.482517	253.043787786
370.393702744	976.935832992	C1	1072.40161159	249.633672379
111.639895032	940.973989352	C1	1063.50367425	21.053820993
45.0834893459	980.515879509	C1	1118.40139379	79.0782291067
-62.38315235	1019.19644888	C1	1188.6141064	193.150259844
-135.616261926	1012.39250278	C1	1209.77941214	262.33214673
351.21576948	973.625911113	C1	1068.91297195	230.281039064
210.623013983	1047.16837579	C1	1151.02440489	125.009875909
260.863117711	976.768661983	C1	1075.82252109	140.550284075
-274.495242557	1012.25037271	C1	1271.86793709	399.333869598
442.95955819	1002.43902773	C1	1101.58684844	324.434383217
-94.7307119539	971.103130434	C1	1155.72320093	216.393227558
145.151859474	1033.25609143	C1	1147.12925871	77.3558510408
-108.155089372	985.428113755	C1	1174.13621119	230.957402294
258.254550572	973.40069907	C1	1072.68832023	137.58419384
151.087123635	1033.5036304	C1	1146.32379719	79.6121111658
-81.1847610025	1081.49830808	C1	1253.57279812	236.370561443
138.050632242	1035.21749308	C1	1150.35113809	77.3888236081
796.467592863	1022.7079582	C1	1203.54545732	678.046907153
-383.939499121	1002.56058264	C1	1321.03328252	507.117442291
203.442678451	1062.72093971	C1	1167.34744056	131.762235912
178.580930876	1065.24090147	C1	1173.23846211	120.098859091
184.560303607	993.495834142	C1	1101.40257278	71.693159427
62.0189277679	1023.92505939	C1	1155.87066472	87.4787793257
305.398520356	872.375364859	C1	968.727412447	203.68443533
124.952087975	1049.17833461	C1	1166.53912578	89.6002708387
176.983086547	982.928958678	C1	1092.13830842	60.2985801
-195.67848513	928.581499316	C1	1160.58538624	318.556375921
208.417033869	1038.86126176	C1	1143.05229502	117.700752399
-134.075566304	979.890396304	C1	1179.45846806	256.235433357
-215.239067812	1059.08794995	C1	1285.68861469	350.979039591
-142.531833423	1113.78518962	C1	1305.84975577	305.607761856
21.5834073903	1031.4096881	C1	1173.81293563	122.900963395
34.6156613968	1030.55888596	C1	1169.40540455	112.037924525
-151.002897524	1041.13009039	C1	1242.28091936	284.288772327
19.6787888597	1035.65217875	C1	1178.41951096	126.94574173
125.057752263	979.973789682	C1	1098.70409043	20.6574536508
47.8137098804	1047.34377227	C1	1182.12222877	114.451373917
-222.586114198	1019.53699826	C1	1253.64182367	349.12007753
248.638088	1100.95728066	C1	1200.59978122	190.177870159
-53.5352241833	1036.2875079	C1	1201.64780516	190.948563242
-205.51773286	1052.89706561	C1	1275.86413828	339.916948928
-139.378063539	943.079273009	C1	1148.25550642	261.263321219
57.066608246	949.140751486	C1	1084.94958681	65.1458871329
151.000915153	1026.35899134	C1	1139.3042325	72.9979637333
316.355084939	1015.91234514	C1	1111.73343208	202.950302717
251.226264601	966.300994213	C1	1066.24872336	130.037240496
142.054864735	922.954344966	C1	1039.42047057	42.1294467842
262.534910689	1101.46492684	C1	1200.00332015	200.105006294
-108.887196534	973.054651262	C1	1163.04648728	230.636277459
266.157781618	1039.69498061	C1	1138.13460757	165.450302506
-32.9205922155	1038.74609581	C1	1197.19742349	173.373677011
-143.990204576	1027.50741276	C1	1226.98671728	273.888530216
-44.9718346089	1010.98614652	C1	1174.94043404	174.072989734
266.706163032	1006.05631888	C1	1104.55006718	152.575453833
-95.9737709436	1003.3856389	C1	1186.0434183	221.689925008
284.051894777	1054.61517151	C1	1151.83847388	188.380643193
-148.9918686	1000.49835278	C1	1204.3875356	273.419617631
69.1268651401	957.152399543	C1	1089.48388202	52.292038514
436.130943971	961.68635909	C1	1060.41123365	314.778312385
-332.583725032	940.488529047	C1	1240.91116794	454.347182284
131.779877049	1047.00075676	C1	1163.09772643	87.9700092358
-133.798521955	1088.49228503	C1	1279.13276978	285.842217925
354.526434122	1023.8264793	C1	1119.11962835	241.837869129
392.63896244	945.936140796	C1	1042.06290499	271.626164772
-124.04794242	1029.64923256	C1	1221.05421036	255.195119209
102.54140799	1008.49256971	C1	1131.3565102	52.3420871984
261.766346391	1008.76979432	C1	1107.64185806	148.751146046
-107.072189076	972.773967005	C1	1162.07231126	228.808091467
-119.19484931	1024.65509267	C1	1214.56849236	249.182472449
64.6690217777	984.983750964	C1	1117.52522213	62.0932425302
294.41314999	957.138638909	C1	1053.935726	173.072155719
-374.847535576	967.689252707	C1	1287.05094352	496.271870497
-22.6572889121	883.426209304	C1	1047.5489336	162.944284658
4.41552180461	1020.14388362	C1	1167.97966105	131.663671853
-134.618476041	886.065919054	C1	1094.84984998	266.344167248
383.014173249	989.457197024	C1	1085.22206223	263.347255884
-282.487490013	1000.45361419	C1	1265.58903544	405.902805815
-42.0861038283	979.352258079	C1	1144.21080292	164.628512237
-60.5025474998	1006.81807819	C1	1176.35673297	187.878996052
78.6170469265	1004.35421351	C1	1132.82867866	61.8494012576
-44.1342225526	1022.65875796	C1	1185.65810473	177.082371275
-64.8442096638	1050.48841219	C1	1218.84013744	207.179415593
-161.598058466	949.39455823	C1	1163.58219101	283.143067718
13.78339446	1039.00786381	C1	1183.30597576	133.679497288
140.561291555	872.179465344	C1	990.048816885	89.5535394699
-69.803311487	1012.85449455	C1	1185.28254582	198.428367874
208.836161444	967.373777685	C1	1072.10307925	87.8172560979
79.6111252374	1063.55800622	C1	1190.15611812	111.981027045
177.700105492	990.555675877	C1	1099.55535771	64.2607854681
176.113637112	1039.06564024	C1	1147.72617316	96.4617544528
-132.215482095	904.890615622	C1	1110.70729999	259.419992499
284.800256893	998.527744478	C1	1095.80481909	168.001316656
408.1668252	1020.33803101	C1	1117.09836635	293.158021148
-84.8472498738	989.46534641	C1	1168.96814956	208.350796729
11.6432118389	964.892738801	C1	1113.11116275	109.841189427
15.2983260672	1128.96307913	C1	1269.39260764	199.7893596
-454.772299406	915.128237776	C1	1292.24798757	577.849222203
15.9146989799	1020.59156044	C1	1165.04981783	121.788360384
393.991207578	1007.73876397	C1	1103.87057778	276.840601933
31.0770090851	989.040246949	C1	1130.48483419	94.9455437727
-153.480206294	1128.63657378	C1	1323.74447255	322.634666251
-75.1436628672	921.177357355	C1	1102.10612908	200.233703717
225.827142167	970.088575211	C1	1072.68181622	104.988134776
106.451121264	1047.19958069	C1	1168.32690345	88.8096731252
-81.260508073	975.149661064	C1	1154.34881999	203.211684634
95.7637201653	1002.85816441	C1	1127.37409678	50.2201545077
100.376448088	956.891162334	C1	1081.57144009	21.1633765642
336.447889451	1066.55025772	C1	1161.92603163	240.189039154
228.190295088	1054.54299933	C1	1156.34988456	142.889944302
38.7762992056	988.558821386	C1	1127.86876974	87.4965769584
-399.191319546	995.33591416	C1	1323.61745662	521.772303877
-62.0221573291	986.61401548	C1	1157.99039374	185.353122223
-189.051932831	943.451232692	C1	1170.65369222	310.833535074
248.83227858	1000.08624227	C1	1100.11015538	133.732795623
129.877825747	1060.07696458	C1	1176.29831693	100.787480536
271.782795773	1092.12844776	C1	1190.04244121	200.443902694
183.840888373	972.001943359	C1	1080.27079112	63.6908669122
216.404854274	999.880214832	C1	1103.38409215	103.209170865
-8.29519112341	1003.51041533	C1	1155.9903311	136.872168573
242.261988985	872.982296075	C1	974.334895217	148.757497886
198.730646112	926.139047115	C1	1032.68574747	84.316845735
536.148326437	1049.65383615	C1	1159.84441423	424.441600591
305.416763776	1017.10473854	C1	1113.31759445	192.816525728
409.943084798	1001.67811384	C1	1098.55765499	291.62818795
88.1705866007	979.200920344	C1	1106.12148044	38.5190695441
-143.220865329	1046.00421848	C1	1243.62936856	278.31573666
-117.648131918	1029.56393152	C1	1218.50088499	249.022997102
-92.1055792945	1012.96527751	C1	1193.48187689	220.022100507
-230.182885644	888.24687918	C1	1142.3194952	358.720328778
-250.964109066	1030.28342345	C1	1276.3397418	378.964011551
120.393031788	956.279966418	C1	1076.51563757	3.50592394578
-266.422172933	968.124592524	C1	1229.56175599	387.873978776
173.958248114	1006.07730732	C1	1115.47322954	70.1579718088
-52.6204051677	942.584244044	C1	1113.52338583	174.814626199
437.168313803	1029.85009248	C1	1128.44621861	323.517264261
-161.564011952	1171.85080216	C1	1366.80915622	353.658988343
-304.886981437	1086.80391818	C1	1351.76919479	444.807720956
209.877157377	978.96007433	C1	1083.45251477	90.5996671867
317.962600127	1047.80617727	C1	1143.56506357	215.463173359
156.733391011	1066.11775274	C1	1177.50899805	112.190406481
85.2400508739	1073.77756707	C1	1198.84959243	119.706585465
247.386559039	1016.63325001	C1	1116.71993534	138.311123932
201.046575021	931.148634741	C1	1037.30407311	84.63102289
-50.1212320204	975.376085123	C1	1143.27022343	172.200030032
-53.8618613708	1023.85256772	C1	1190.05638919	186.612914387
-66.5023287422	919.495814884	C1	1097.2398621	192.104995891
109.387576593	920.960566015	C1	1044.53089912	40.4994120818
87.9356027079	1003.02631814	C1	1129.33434854	54.7597655523
155.670679398	935.456444456	C1	1049.05296411	41.983457724
368.159936625	971.119536189	C1	1066.5476178	247.067080427
11.5364496507	941.718521104	C1	1091.09498476	111.27705461
20.0434409364	995.885160745	C1	1140.20368338	107.600484285
84.9302595182	1068.92606113	C1	1194.18803999	115.188100932
413.028799846	1022.08455902	C1	1119.10236623	298.277058118
302.04747992	1022.52783141	C1	1118.87797981	191.316109478
125.729584873	1096.87324961	C1	1213.22219028	137.29269927
-196.957201341	1054.80223179	C1	1273.87449125	332.23375126
19.5460033196	944.302430313	C1	1091.0926914	102.963500445
5.40902017855	943.158398147	C1	1094.38200749	117.117144062
-54.4903269602	913.332468752	C1	1087.00649292	181.847155236
132.736195505	929.66333329	C1	1047.89320882	32.0724721528
58.4990575479	1037.8142867	C1	1170.19883028	100.304713064
-13.9312571591	966.460001684	C1	1122.6505469	135.46175456
-111.434634088	1049.14594283	C1	1234.26034737	249.404246763
95.1315162644	958.497213052	C1	1084.35861487	26.2530289829
-69.1543346906	1019.51486501	C1	1191.28284703	199.697772588
283.536184805	1060.62789435	C1	1157.87099119	191.044178203
37.5042054099	1022.76906606	C1	1161.12491076	104.955530781
59.2904293493	1037.53811036	C1	1169.73393431	99.5945395426
331.220836975	1048.09589701	C1	1143.5507092	227.737904996
-348.506766437	998.543538381	C1	1298.27263805	471.472947645
-179.27002171	939.189728371	C1	1162.3807199	301.324687811
-32.6921741656	1001.09165123	C1	1161.51689861	159.528151673
395.480185457	1001.38505094	C1	1097.58134417	277.279838464
20.1153467589	997.266683495	C1	1141.50503428	108.006141725
95.2168001816	978.05918945	C1	1103.35890634	31.9737320442
596.457605245	1023.38680977	C1	1145.32652949	479.354610444
12.0824193941	1006.2932846	C1	1152.48287024	118.814993616
272.601633999	951.38897021	C1	1049.5939232	151.467868661
-94.2286802324	1014.40490197	C1	1195.60746978	222.432522344
-66.0020663266	988.019570241	C1	1160.72692465	189.496902316
441.575548214	1054.79345051	C1	1153.65637983	334.052017264
307.403935222	1002.8052592	C1	1098.94987566	190.984298608
-337.476485789	902.662931754	C1	1212.28914436	462.361052895
18.8207431728	928.728945894	C1	1076.48816504	107.099291462
275.972663411	1016.80672029	C1	1114.60904498	164.839903197
331.806865744	963.456265087	C1	1058.91381182	210.482064039
54.4602679837	978.230298817	C1	1113.67125369	69.4312049293
531.954176606	951.203473235	C1	1062.0521617	410.681831005
203.743040087	910.209933784	C1	1016.19550736	96.0803152957
78.457982752	948.936108093	C1	1079.15640022	44.2188440734
31.2189294979	989.889442779	C1	1131.25928067	95.077272331
19.8483363426	966.885534597	C1	1112.54094591	101.768414203
-16.5895395866	981.710075504	C1	1137.9395864	139.701470673
-258.933601149	992.624602967	C1	1247.13320332	381.719719193
-223.225269451	1046.46955462	C1	1277.93845446	355.353460101
117.147972141	1085.64361635	C1	1203.82553811	126.063847906
47.6044838812	856.545617605	C1	998.959485585	126.768690017
67.483858806	1056.68797001	C1	1186.30564698	110.990527121
23.9781383807	1078.11685633	C1	1218.07097361	153.353970818
-177.627221083	976.785533567	C1	1195.23529625	299.477065331
72.9219965352	1006.52602015	C1	1136.31628903	67.4055908011
432.579587435	955.045524808	C1	1053.51047983	311.254431224
358.106124587	1022.3289598	C1	1117.63974716	244.903519658
26.7743458361	1069.55824831	C1	1209.07599766	145.003768666
-63.1624735777	989.472174606	C1	1161.06728256	186.916047997
-35.6651904257	1050.6369241	C1	1209.34121068	181.480747809
-51.4884914145	1015.65556856	C1	1181.54093454	181.694633698
131.231248322	992.315623291	C1	1109.54725244	34.1246477889
-0.17444538495	988.895706276	C1	1139.58042195	125.002940384
242.886585812	1012.54139527	C1	1113.07304235	132.538248803
230.853911373	959.62406258	C1	1061.70958457	109.494696856
94.7894904957	917.00226702	C1	1044.16330856	50.2472927374
66.1140555422	1066.57224072	C1	1196.23147227	120.351012323
330.115529354	980.353647476	C1	1075.83972319	209.780440977
-68.5582784559	1035.52665685	C1	1206.07249272	204.513820996
234.371123849	1036.1294972	C1	1137.39250699	136.457996817
35.7028265622	935.272555034	C1	1077.65797332	89.0577530726
-256.348483591	1004.04956416	C1	1255.86010647	380.308319005
-120.073130929	947.062135295	C1	1143.77638633	241.760287229
12.0416644247	905.824121922	C1	1056.87687826	121.850590249
193.793346165	1059.7152123	C1	1165.62640168	123.530255876
-180.679133329	933.379167553	C1	1157.85871148	303.178707688
229.848078217	1024.23047439	C1	1126.03356641	126.255510933
257.431186121	993.575003375	C1	1092.85881559	140.237219722
44.8866097593	966.633623796	C1	1105.10889775	76.7908130541
101.219683819	977.511519183	C1	1101.45036911	26.9189547406
517.469143582	1005.84679723	C1	1113.6742048	398.79469118
-144.35585214	1033.26462566	C1	1232.4040988	275.723761389
-246.091936625	976.632079551	C1	1226.90859398	367.843359926
230.245747386	1002.26853719	C1	1104.1577451	116.929915696
162.297661852	931.817864028	C1	1044.26145995	49.5034455577
107.404582075	1007.6793075	C1	1129.50510187	50.0153372188
210.439940274	1014.43195695	C1	1118.56176528	104.577358711
-34.5237698514	1006.7068606	C1	1167.42195934	162.830715426
-126.837860807	1006.57649057	C1	1200.93814747	252.594285889
203.292187024	929.792260401	C1	1035.63967238	87.2038056521
-15.6782010147	945.716236311	C1	1103.63160387	137.743992383
284.839660602	1081.23756336	C1	1178.37275566	203.738459126
-49.7139224621	926.478805195	C1	1097.4635676	174.259449959
-57.4403466428	973.623477082	C1	1144.22003605	179.3447481
294.846890497	971.481144956	C1	1068.23514594	173.890613915
-105.404230897	958.033181416	C1	1147.87479778	226.769213296
175.568347376	969.771792787	C1	1079.37968764	55.145968586
380.47310947	1054.57951453	C1	1150.24899551	275.955788881
-38.1660020501	1027.49411909	C1	1188.25133414	173.352539257
231.28559082	1047.91299672	C1	1149.43148614	140.975677183
217.719083446	947.004063371	C1	1050.75417325	97.1861445229
-132.185647868	1001.74444679	C1	1198.65116489	257.01542854
49.1679594417	1032.40226254	C1	1167.33547831	102.491223373
-21.0647278654	993.664229806	C1	1150.69847959	146.429298242
268.359624322	997.410079745	C1	1095.80347505	151.772637661
94.7625442527	925.515358845	C1	1052.42515591	43.2731496995
-38.9977698526	1035.51706379	C1	1196.10592868	177.398295961
70.5049887385	978.748877722	C1	1110.01126616	54.3223236267
92.7871669211	1022.99268817	C1	1147.66118751	69.4884309582
-31.4856247777	1039.82416764	C1	1197.75988541	172.596125431
-66.5040653702	952.577027102	C1	1127.90585658	187.996387862
189.363282973	1020.78109068	C1	1127.68506774	91.4414978486
288.96407686	964.641927221	C1	1061.73181836	167.6791785
-216.453023968	995.233871932	C1	1229.23767385	339.681193789
223.404089837	977.551712016	C1	1080.37753812	103.603198135
-130.91271135	1034.10337897	C1	1227.83598939	263.029300189
223.968965823	987.140068214	C1	1089.83368475	106.228326029
-108.521772564	982.42195646	C1	1171.51355335	231.006116432
152.764221977	990.122670722	C1	1103.32996504	43.7590010353
148.924332803	913.682141104	C1	1028.96904507	53.5993598351
287.290869739	1010.25282632	C1	1107.36317334	173.476068303
-14.7246403542	951.605136217	C1	1108.87334348	136.321452055
427.746703819	1113.16910921	C1	1210.90259352	342.697197766
80.4882091012	1029.69662889	C1	1157.00606782	81.0984072232
107.705384951	1020.81018564	C1	1142.26690501	62.6656191476
132.426941242	1017.93231708	C1	1134.43784048	59.3237565818
168.932677585	858.613094914	C1	971.084662436	111.676837817
-300.31475356	1030.32985214	C1	1300.3765656	427.556500834
10.3826747247	1023.88323449	C1	1169.80086018	128.225134313
-293.701539346	976.811993317	C1	1250.91719225	415.415408479
-125.608253792	998.866197475	C1	1193.37645815	250.061656512
341.919206244	918.075123883	C1	1013.40112651	224.444179099
99.8122949857	1038.21542589	C1	1160.96017498	81.4664098942
381.793408597	1069.09188446	C1	1164.79096967	282.495072406
533.437527175	1048.7160143	C1	1158.4882272	421.593720715
32.1135172921	987.800998174	C1	1129.00321182	93.5802678483
233.548618785	1007.35740397	C1	1108.86217814	121.911631662
210.987047485	1070.52260425	C1	1174.16480667	142.568769103
214.102251844	1117.8478273	C1	1220.81350172	183.378795198
152.348455456	1110.04007478	C1	1221.55682144	153.549565347
125.16134264	973.992290252	C1	1092.82951647	14.8375799525
207.734953252	976.748442828	C1	1081.54101952	88.0518034071
99.9523800194	1015.11964826	C1	1138.3907065	59.4568784715
121.273907648	1014.17934245	C1	1132.96214913	54.5292813961
398.645165174	976.01795993	C1	1072.37227822	277.76861349
-8.39270220531	1048.84119454	C1	1199.19024895	157.450332127
242.705094389	918.279179881	C1	1019.31518979	128.204434945
34.0913692527	903.347339634	C1	1047.6556795	103.854134787
188.66798451	959.249108621	C1	1066.92878332	67.3099614963
-175.639647394	1068.10660096	C1	1276.96354337	316.182119027
582.963948774	1054.26591746	C1	1172.760179	471.201735438
-157.898761304	1046.7833664	C1	1250.24447495	292.535844067
-66.598499025	1084.77205448	C1	1251.70715275	225.795482209
517.543868299	979.72938103	C1	1087.86935233	396.69314822
-237.696623127	990.899613884	C1	1235.37186136	360.413133995
-333.12213461	1080.19005744	C1	1359.96767307	470.194825754
557.485309069	1065.18031822	C1	1178.72738544	448.712144627
-505.841879403	1030.41109082	C1	1414.58541438	631.180108999
117.112324796	957.650629214	C1	1078.5606709	4.69404870025
26.2862288968	1003.95261943	C1	1146.14337379	104.888435733
211.396740628	1028.16362416	C1	1132.06795881	113.140862356
219.774681509	1007.17238596	C1	1110.21953791	109.288464873
-1.91558421001	940.444456874	C1	1094.14638568	124.761911501
197.313171692	1058.20000174	C1	1163.6554878	124.422991426
225.664358391	1027.50701661	C1	1129.74699913	124.435203026
-203.818180404	979.172477527	C1	1209.16404494	325.762892799
-52.2033847659	967.718895414	C1	1136.83896809	173.750055994
354.821886036	1028.1483658	C1	1123.44250686	243.303978913
-274.610548342	1010.70885819	C1	1270.58257197	399.248105201
-171.649239868	1043.35792525	C1	1252.78804976	304.730949389
98.0738189776	975.781366014	C1	1100.48351235	28.3271360478
356.714731364	980.940353779	C1	1076.24352584	236.316507194
-308.517093668	951.386909781	C1	1237.02909977	429.955723044
278.106923575	1012.2115336	C1	1109.88241931	165.325571837
-13.4567080172	1025.67030893	C1	1178.65893691	150.113284301
-45.0158197098	1014.26917812	C1	1178.04689221	175.111089614
-64.5950680974	1094.2989209	C1	1260.03079127	229.585047125
221.695557387	953.820491497	C1	1057.02295729	100.505550778
422.92825585	1007.87090521	C1	1105.51259385	305.399947928
142.089358808	983.277810011	C1	1098.57504295	31.4325646578
-155.406309373	975.814041314	C1	1184.70009145	277.237135017
152.950127501	994.368504791	C1	1107.47387133	46.9398688635
-169.041888523	917.219021955	C1	1138.16360813	293.484584248
212.776970311	1041.44966325	C1	1145.08683282	122.671795899
-108.581778989	1012.44070844	C1	1199.2094127	235.923096214
346.785429444	934.169218842	C1	1029.46407774	226.861750187
-30.0864583161	918.150860872	C1	1082.65407386	157.028602217
260.223882991	977.611505094	C1	1076.71600811	140.021449655
-5.45174016567	1001.563508	C1	1153.25834092	133.558041523
-349.66882813	969.125628171	C1	1274.22427117	471.123343712
316.238607658	1003.18319037	C1	1099.01412154	199.682508497
542.120754652	982.713947934	C1	1094.84477411	421.393178451
436.23398592	1046.09648662	C1	1144.57553575	326.525791734
-110.809284435	1085.50479509	C1	1267.81834909	264.086369638
-24.83833951	948.802659497	C1	1109.61087988	146.599431374
401.041242629	1063.08359244	C1	1159.45908861	298.195433773
26.4027499033	995.641305977	C1	1138.1414002	101.548489249
-31.7222579363	989.071706237	C1	1149.8548474	155.883185228
-24.4392709323	993.618530285	C1	1151.75026764	149.703211831
328.136882679	959.384800083	C1	1054.91550883	206.777835287
109.295126202	1073.42384232	C1	1193.4049439	114.411539717
88.0323142567	1030.92162492	C1	1156.45966422	78.6785154371
60.0524332435	1024.46679515	C1	1156.88789786	89.2172751133
154.402259935	1026.90102406	C1	1139.24654159	74.9301387626
-197.188095433	1025.12310366	C1	1247.24608089	325.206244133
236.025235835	993.687177083	C1	1095.00717272	119.611105078
148.817929598	1021.41569863	C1	1134.82441642	67.5941314397
442.604633064	990.44022629	C1	1089.60060477	322.717596529
328.67050197	966.979174664	C1	1062.49688731	207.440795281
-22.0218779556	937.780767642	C1	1098.28685869	145.039330809
120.317166309	1024.17322734	C1	1142.94313026	64.5315135952
151.776670798	929.256479335	C1	1043.69743754	42.9999456285
292.955104544	898.786887498	C1	995.756132073	182.069993211
274.865994458	1080.08648996	C1	1177.82451523	195.113423087
174.137724464	973.826586172	C1	1083.61321496	54.6492704164
372.976779786	1064.56354925	C1	1160.06230075	272.6136893
2.59570173226	991.537550764	C1	1141.24585761	122.969835529
229.040914103	1010.73769041	C1	1112.70785038	119.185933785
345.17587802	1055.10736652	C1	1150.40815712	243.322793629
-184.080465494	1004.82039499	C1	1223.2522692	308.761644412
82.0293916065	928.687215183	C1	1058.66293553	50.0553410852
440.003701261	961.154685205	C1	1060.20006359	318.648035688
-54.8248321555	1045.33626676	C1	1210.60422054	195.915629309
-79.1154555912	960.891663905	C1	1140.32928953	200.47851758
89.2013119996	968.108569364	C1	1095.10283354	33.2517086448
12.8373890242	909.051628573	C1	1059.6805347	119.73802823
45.7194312632	1082.81000177	C1	1216.96094344	144.53280541
98.2056728791	990.974629495	C1	1115.24625617	38.9526769469
173.536429376	1010.48298938	C1	1119.89009996	72.845324108
133.480047783	1048.10872881	C1	1163.86721813	89.2851534065
141.935530001	1040.76679771	C1	1155.09633532	83.6857142566
-338.976728794	1058.63036391	C1	1344.37109149	470.856953547
67.8319119652	967.689025696	C1	1099.99803871	54.1275930579
-454.155770997	927.980337615	C1	1301.94047539	576.385702227
291.984450241	1017.31347508	C1	1114.15459176	180.105612428
-140.06552669	938.288787571	C1	1144.22006084	262.296023213
141.890762773	1000.79279744	C1	1115.81312943	45.98112235
95.7902744851	1079.56694157	C1	1202.21370358	122.612450758
-2.66408748386	984.160677881	C1	1135.84882186	126.42209963
165.304280905	966.5288053	C1	1077.89881573	44.4801617742
577.585506231	1049.5802482	C1	1167.1106368	465.005218226
187.018086711	932.142892448	C1	1040.40404317	71.1880262847
438.683501442	998.963352541	C1	1097.77284283	319.750263086
7.48733189367	1046.64428085	C1	1192.42559095	143.299647683
262.195591943	982.85292798	C1	1081.77563532	142.734909077
-273.00794606	982.287225588	C1	1245.1174273	395.016326227
238.673781292	979.12819743	C1	1080.25133472	118.920570326
204.163493159	992.72293058	C1	1097.84850388	89.1647819049
282.820511905	913.741647892	C1	1011.31677189	167.861067787
83.6609923634	977.828773808	C1	1105.86936423	41.8523518891
252.197706586	1037.06966609	C1	1136.64257706	152.027941859
227.506396149	954.235198728	C1	1056.74077532	106.285205774
286.403694529	1000.73820314	C1	1097.9160405	170.082066352
-31.0122082575	943.257284435	C1	1106.50976773	153.250698977
218.757597012	961.825869535	C1	1065.32902493	97.4226778546
44.1934070269	972.908405481	C1	1111.33087143	78.2965149409
46.6707245568	1029.09543966	C1	1164.79084158	101.985402569
-24.2127335117	997.77486548	C1	1155.60707042	150.481522389
77.9025625339	1000.89250627	C1	1129.64109136	59.9117238461
-74.7870793872	1059.00899272	C1	1230.25758044	219.876223977
271.699956482	959.868233347	C1	1058.1168353	150.340897069
285.290042907	962.273423289	C1	1059.58819031	163.951813526
-52.9167915702	1068.09949158	C1	1231.44832131	205.264200206
193.060793624	966.524617724	C1	1073.46602072	72.0303728532
488.841463959	1001.19407814	C1	1105.13477682	369.823067406
-30.622901629	975.1774874	C1	1136.39197083	152.773241989
376.710481117	931.319358036	C1	1026.93296662	256.918080882
18.3946055287	1085.79381543	C1	1226.96908243	162.831020617
308.884198323	964.168662832	C1	1060.28496306	187.579411308
305.552970668	993.79277389	C1	1090.01976727	187.33141473
207.895541815	1043.40040372	C1	1147.62104385	120.426924415
73.2312920229	940.597838972	C1	1072.43105814	51.7618289027
387.564274312	1076.79136685	C1	1172.65442357	290.838790566
-247.060591927	984.074593754	C1	1233.88531119	369.228534385
258.616388411	1028.83928484	C1	1127.90065439	153.709695164
-4.47415258041	1015.53426059	C1	1166.25556134	137.684688165
-47.5660403052	1022.17770547	C1	1186.35253417	180.126180041
-123.722227498	1012.36763484	C1	1205.02340895	250.687156215
64.2998194854	931.733612399	C1	1066.23660235	63.5224900871
-37.957572152	1018.97383187	C1	1180.13511413	170.003356936
-129.438635069	961.464258779	C1	1160.76000495	250.804413806
100.00508142	966.767936826	C1	1091.26748689	22.5091612096
-7.28565960086	992.739344036	C1	1145.44103758	132.832227517
198.499388675	939.85016855	C1	1046.28296074	79.6407205906
312.099987655	1000.22038219	C1	1096.19113504	195.007658557
154.692471401	1010.22011389	C1	1122.76835728	60.5675598164
-54.3035548712	999.574875074	C1	1167.40783033	180.142707555
376.112740786	1065.90828708	C1	1161.4708736	276.025640081
-174.2241211	1015.20223319	C1	1228.35220952	300.75828591
-1.04267213355	955.15969013	C1	1107.80859027	122.484230191
110.595975566	970.869007289	C1	1092.88256481	15.5470459186
-2.21475830781	1044.07593292	C1	1192.80161621	149.660429302
-150.026045627	967.848629362	C1	1175.20041043	271.509072658
-334.303457862	1056.02494981	C1	1339.73962235	465.743040901
-125.865455305	892.53415882	C1	1096.8190072	256.17297319
87.8659849915	1019.58483569	C1	1145.46049344	68.6583268318
46.6749829034	985.182072683	C1	1122.45831199	78.9279109401
343.469402976	989.294238926	C1	1084.6060773	224.079690655
63.3968432025	1050.45494529	C1	1181.24171872	107.727209793
2.46958468899	1048.26057327	C1	1195.42603362	148.278642654
441.413146116	974.253548378	C1	1073.37110691	320.386917709
391.497253212	960.125567827	C1	1056.19645511	270.138453976
42.4657792535	1042.26327862	C1	1178.59999397	114.232689314
190.971087988	1023.56063215	C1	1130.20753936	94.5006088028
-102.978618521	1122.21238667	C1	1299.3192736	277.045037381
-163.718661177	1010.98687714	C1	1220.07523515	289.663354281
166.049140323	982.04992146	C1	1093.06545779	49.9893983542
502.730548976	966.374692672	C1	1072.47600705	381.430612501
193.294254928	941.79923392	C1	1048.98028599	74.1168267289
48.6973751176	997.865722465	C1	1134.13228553	82.0985690036
600.745417256	951.05038121	C1	1075.77350515	479.463329195
-23.0768634502	1012.00476255	C1	1168.7120424	153.631993075
-161.507223221	957.432574097	C1	1170.76444131	282.875133051
190.70429176	1099.67870039	C1	1205.64399466	156.258569214
169.754356843	993.456864467	C1	1103.69606828	59.0337610642
-52.8028148818	972.581638161	C1	1141.59898924	174.641454202
23.8868861663	941.543479827	C1	1087.15104367	99.1398310435
317.990427662	1032.78074879	C1	1128.54510835	209.790182065
-108.849069778	991.361459801	C1	1179.86993782	232.382151132
68.015168963	981.190675013	C1	1113.00411311	57.5289727173
75.8094797555	993.859752858	C1	1123.32851809	56.9655779136
193.838759929	1047.9010995	C1	1153.91488834	114.199466118
309.484735075	1004.35963898	C1	1100.42293375	193.365329645
556.168106925	1007.64895095	C1	1121.89074333	437.45017687
190.267230676	946.66420013	C1	1054.24706288	70.120956785
251.090234918	1081.47232185	C1	1180.97708713	177.962872014
-135.389298312	1002.6013288	C1	1200.72910204	260.31635773
-3.41230368479	1024.47537269	C1	1174.45414541	140.606702918
109.907612134	978.850523679	C1	1100.82072733	22.356083526
155.154244187	982.184198395	C1	1095.09181235	40.6188153304
411.149112336	1106.40543473	C1	1203.20623624	324.831191845
310.599544143	1012.86613269	C1	1108.88248551	196.580376336
-180.036145795	1081.51748137	C1	1290.99512914	325.101241089
-209.052691156	1040.44828341	C1	1266.23180556	340.147572993
342.056766458	993.086538621	C1	1088.40873697	223.216042507
256.492356316	1025.05107233	C1	1124.30135747	150.127441599
-22.1686564709	979.609401942	C1	1137.76832201	144.9090172
350.58055862	1018.70239355	C1	1113.98940212	236.705710243
300.608011774	965.482884499	C1	1061.95722504	179.343668014
147.085185478	1028.50748882	C1	1142.11146657	73.5062010356
292.33549325	966.641127189	C1	1063.53693277	171.119142415
50.7600140993	944.197383408	C1	1081.92370315	72.2705669452
30.6528468416	1003.40324305	C1	1144.38719429	100.707401888
299.626521633	987.509183123	C1	1084.00529799	180.431035702
330.451710584	1008.12407174	C1	1103.59888429	214.637820191
19.1937500898	1008.34131418	C1	1152.3740862	113.175149163

#2D display not implemented yet
